coverage	n
1	2
2	3
3	3
4	2
5	2
6	1
7	4
8	0
9	0
10	1
11	2
12	1
13	1
14	1
15	0
16	2
17	0
18	0
19	0
20	0
21	0
22	0
23	0
24	0
25	1
26	0
27	0
28	0
29	0
30	0
31	2
32	0
33	0
34	0
35	0
36	0
37	0
38	0
39	0
40	0
41	1
42	0
43	0
44	1
45	0
46	0
47	0
48	0
49	0
50	0
51	1
52	1
53	0
54	0
55	0
56	0
57	0
58	0
59	0
60	2
61	0
62	0
63	0
64	0
65	0
66	0
67	0
68	0
69	1
70	2
71	0
72	1
73	0
74	0
75	0
76	0
77	0
78	0
79	1
80	0
81	0
82	0
83	0
84	0
85	0
86	0
87	0
88	0
89	0
90	0
91	1
92	0
93	0
94	0
95	0
96	0
97	0
98	0
99	0
100	0
101	0
102	0
103	0
104	0
105	0
106	0
107	0
108	0
109	0
110	0
111	1
112	0
113	0
114	0
115	0
116	0
117	0
118	0
119	0
120	0
121	0
122	0
123	0
124	0
125	0
126	0
127	0
128	1
129	0
130	0
131	0
132	0
133	0
134	0
135	0
136	0
137	0
138	0
139	0
140	0
141	0
142	0
143	0
144	0
145	0
146	0
147	0
148	0
149	0
150	0
151	0
152	0
153	0
154	0
155	0
156	0
157	0
158	0
159	0
160	0
161	0
162	0
163	0
164	0
165	0
166	0
167	0
168	0
169	0
170	0
171	0
172	0
173	0
174	0
175	0
176	0
177	0
178	0
179	0
180	0
181	0
182	0
183	0
184	0
185	0
186	0
187	0
188	0
189	0
190	0
191	0
192	0
193	0
194	0
195	0
196	0
197	0
198	0
199	0
200	0
201	0
202	0
203	0
204	0
205	0
206	0
207	0
208	0
209	0
210	0
211	0
212	0
213	0
214	0
215	0
216	0
217	0
218	0
219	0
220	0
221	0
222	0
223	0
224	0
225	0
226	0
227	0
228	0
229	0
230	0
231	0
232	0
233	0
234	0
235	0
236	0
237	0
238	0
239	0
240	0
241	0
242	0
243	0
244	0
245	0
246	0
247	0
248	0
249	0
250	0
251	0
252	0
253	0
254	0
255	0
256	0
257	0
258	0
259	0
260	0
261	0
262	0
263	0
264	0
265	0
266	0
267	0
268	0
269	0
270	0
271	0
272	0
273	0
274	0
275	0
276	0
277	0
278	0
279	0
280	0
281	0
282	0
283	0
284	0
285	0
286	0
287	0
288	0
289	0
290	0
291	0
292	0
293	0
294	0
295	0
296	0
297	0
298	0
299	0
300	0
301	0
302	0
303	0
304	0
305	0
306	0
307	0
308	0
309	0
310	0
311	0
312	0
313	0
314	0
315	0
316	0
317	0
318	0
319	0
320	0
321	0
322	0
323	0
324	0
325	0
326	0
327	0
328	0
329	0
330	0
331	0
332	0
333	0
334	0
335	0
336	0
337	0
338	0
339	0
340	0
341	0
342	0
343	0
344	0
345	0
346	0
347	0
348	0
349	0
350	0
351	0
352	0
353	0
354	0
355	0
356	0
357	0
358	0
359	0
360	0
361	0
362	0
363	0
364	0
365	0
366	0
367	0
368	0
369	0
370	0
371	0
372	0
373	0
374	0
375	0
376	0
377	0
378	0
379	0
380	0
381	0
382	0
383	0
384	0
385	0
386	0
387	0
388	0
389	0
390	0
391	0
392	0
393	0
394	0
395	0
396	0
397	0
398	0
399	0
400	0
401	1
402	1
403	1
404	1
405	0
406	2
407	0
408	2
409	3
410	1
411	3
412	4
413	1
414	4
415	1
416	1
417	0
418	1
419	1
420	1
421	1
422	2
423	0
424	3
425	1
426	2
427	0
428	2
429	1
430	1
431	2
432	7
433	2
434	1
435	3
436	2
437	2
438	1
439	0
440	1
441	0
442	0
443	1
444	2
445	3
446	2
447	1
448	4
449	2
450	3
451	1
452	1
453	4
454	1
455	2
456	3
457	3
458	8
459	3
460	7
461	4
462	5
463	10
464	5
465	3
466	3
467	1
468	1
469	2
470	1
471	3
472	2
473	4
474	2
475	5
476	3
477	1
478	1
479	6
480	5
481	4
482	9
483	8
484	12
485	9
486	16
487	6
488	5
489	12
490	15
491	9
492	10
493	6
494	8
495	7
496	13
497	7
498	4
499	3
500	8
501	4
502	5
503	12
504	8
505	6
506	7
507	17
508	9
509	8
510	10
511	19
512	18
513	12
514	16
515	15
516	8
517	9
518	18
519	9
520	15
521	9
522	7
523	9
524	11
525	8
526	7
527	15
528	16
529	7
530	6
531	7
532	17
533	10
534	11
535	18
536	9
537	6
538	14
539	17
540	12
541	12
542	20
543	14
544	14
545	21
546	13
547	18
548	11
549	16
550	15
551	13
552	21
553	19
554	19
555	20
556	20
557	17
558	20
559	26
560	13
561	20
562	29
563	24
564	21
565	19
566	19
567	29
568	19
569	17
570	20
571	27
572	36
573	37
574	22
575	31
576	21
577	19
578	21
579	16
580	13
581	17
582	22
583	24
584	20
585	15
586	25
587	23
588	32
589	28
590	23
591	34
592	20
593	29
594	26
595	29
596	44
597	35
598	34
599	48
600	41
601	40
602	49
603	48
604	49
605	49
606	53
607	44
608	49
609	50
610	43
611	41
612	48
613	41
614	48
615	42
616	44
617	42
618	28
619	42
620	51
621	49
622	55
623	44
624	42
625	46
626	56
627	38
628	46
629	50
630	40
631	41
632	39
633	37
634	47
635	42
636	44
637	48
638	58
639	43
640	37
641	57
642	55
643	61
644	48
645	57
646	46
647	54
648	55
649	46
650	46
651	55
652	44
653	49
654	51
655	73
656	50
657	58
658	50
659	54
660	66
661	59
662	45
663	41
664	51
665	50
666	48
667	40
668	59
669	48
670	50
671	55
672	49
673	68
674	59
675	51
676	49
677	58
678	66
679	74
680	64
681	60
682	46
683	59
684	64
685	77
686	73
687	68
688	61
689	64
690	63
691	85
692	80
693	91
694	77
695	87
696	65
697	85
698	72
699	75
700	70
701	80
702	71
703	67
704	67
705	55
706	72
707	43
708	70
709	66
710	76
711	76
712	80
713	76
714	86
715	72
716	74
717	82
718	85
719	71
720	89
721	78
722	94
723	100
724	88
725	101
726	85
727	97
728	88
729	85
730	110
731	96
732	99
733	97
734	81
735	93
736	82
737	84
738	81
739	84
740	110
741	91
742	96
743	106
744	115
745	95
746	118
747	105
748	109
749	108
750	92
751	102
752	90
753	100
754	100
755	101
756	84
757	109
758	104
759	104
760	106
761	119
762	95
763	103
764	104
765	118
766	116
767	115
768	129
769	113
770	118
771	126
772	123
773	123
774	114
775	139
776	121
777	121
778	111
779	115
780	118
781	135
782	129
783	121
784	124
785	135
786	143
787	107
788	96
789	121
790	140
791	125
792	115
793	136
794	126
795	149
796	140
797	128
798	147
799	154
800	149
801	141
802	142
803	136
804	131
805	151
806	141
807	152
808	159
809	137
810	147
811	147
812	132
813	140
814	144
815	147
816	134
817	132
818	116
819	128
820	108
821	119
822	135
823	125
824	147
825	137
826	133
827	144
828	121
829	123
830	124
831	127
832	137
833	118
834	127
835	115
836	155
837	128
838	112
839	120
840	136
841	120
842	133
843	151
844	134
845	123
846	133
847	123
848	109
849	118
850	116
851	114
852	110
853	97
854	105
855	122
856	115
857	93
858	124
859	125
860	132
861	120
862	131
863	110
864	124
865	139
866	114
867	125
868	146
869	123
870	139
871	130
872	145
873	117
874	127
875	105
876	117
877	128
878	127
879	144
880	127
881	138
882	169
883	150
884	150
885	137
886	140
887	150
888	149
889	161
890	158
891	147
892	164
893	145
894	169
895	172
896	152
897	163
898	159
899	148
900	156
901	144
902	158
903	139
904	137
905	151
906	132
907	150
908	144
909	143
910	159
911	144
912	139
913	139
914	133
915	133
916	155
917	134
918	150
919	155
920	155
921	171
922	145
923	141
924	131
925	147
926	142
927	153
928	151
929	150
930	157
931	179
932	173
933	152
934	157
935	169
936	146
937	145
938	159
939	157
940	159
941	156
942	170
943	160
944	154
945	175
946	139
947	178
948	161
949	149
950	135
951	149
952	160
953	138
954	143
955	157
956	164
957	170
958	124
959	146
960	129
961	140
962	139
963	151
964	145
965	123
966	131
967	161
968	141
969	168
970	159
971	155
972	141
973	150
974	141
975	170
976	160
977	154
978	158
979	126
980	146
981	142
982	163
983	158
984	163
985	164
986	150
987	145
988	159
989	144
990	156
991	154
992	172
993	164
994	186
995	173
996	158
997	185
998	176
999	175
1000	162
1001	172
1002	181
1003	187
1004	177
1005	185
1006	196
1007	177
1008	179
1009	160
1010	164
1011	180
1012	187
1013	176
1014	164
1015	191
1016	172
1017	171
1018	162
1019	175
1020	181
1021	181
1022	164
1023	184
1024	194
1025	191
1026	166
1027	176
1028	184
1029	177
1030	181
1031	191
1032	184
1033	191
1034	186
1035	183
1036	170
1037	176
1038	169
1039	175
1040	195
1041	173
1042	189
1043	174
1044	189
1045	172
1046	169
1047	181
1048	170
1049	184
1050	193
1051	175
1052	199
1053	187
1054	168
1055	209
1056	187
1057	209
1058	226
1059	232
1060	207
1061	209
1062	190
1063	204
1064	190
1065	199
1066	161
1067	232
1068	208
1069	217
1070	204
1071	192
1072	189
1073	194
1074	180
1075	201
1076	216
1077	186
1078	204
1079	195
1080	193
1081	188
1082	210
1083	213
1084	217
1085	216
1086	221
1087	262
1088	225
1089	208
1090	212
1091	208
1092	203
1093	181
1094	223
1095	199
1096	197
1097	197
1098	183
1099	240
1100	197
1101	228
1102	225
1103	189
1104	210
1105	184
1106	189
1107	193
1108	215
1109	214
1110	217
1111	190
1112	167
1113	209
1114	187
1115	172
1116	165
1117	195
1118	197
1119	172
1120	183
1121	194
1122	158
1123	151
1124	187
1125	188
1126	171
1127	193
1128	145
1129	184
1130	183
1131	169
1132	150
1133	185
1134	147
1135	162
1136	166
1137	177
1138	201
1139	195
1140	208
1141	168
1142	184
1143	176
1144	195
1145	184
1146	195
1147	175
1148	188
1149	177
1150	190
1151	190
1152	171
1153	196
1154	193
1155	192
1156	178
1157	176
1158	218
1159	165
1160	188
1161	191
1162	178
1163	178
1164	181
1165	168
1166	150
1167	148
1168	182
1169	162
1170	169
1171	180
1172	188
1173	166
1174	189
1175	147
1176	177
1177	158
1178	182
1179	166
1180	177
1181	165
1182	182
1183	188
1184	190
1185	163
1186	185
1187	180
1188	176
1189	178
1190	178
1191	169
1192	173
1193	187
1194	175
1195	158
1196	169
1197	186
1198	173
1199	174
1200	170
1201	160
1202	146
1203	140
1204	166
1205	169
1206	162
1207	156
1208	164
1209	136
1210	169
1211	156
1212	174
1213	172
1214	149
1215	156
1216	161
1217	171
1218	179
1219	172
1220	168
1221	176
1222	164
1223	177
1224	165
1225	166
1226	135
1227	173
1228	181
1229	162
1230	194
1231	159
1232	161
1233	138
1234	156
1235	170
1236	184
1237	183
1238	167
1239	166
1240	179
1241	182
1242	181
1243	162
1244	190
1245	177
1246	174
1247	185
1248	182
1249	175
1250	197
1251	171
1252	177
1253	192
1254	171
1255	169
1256	183
1257	173
1258	163
1259	156
1260	191
1261	200
1262	181
1263	189
1264	175
1265	150
1266	195
1267	171
1268	182
1269	168
1270	213
1271	171
1272	172
1273	130
1274	183
1275	162
1276	153
1277	157
1278	160
1279	175
1280	154
1281	184
1282	166
1283	199
1284	186
1285	162
1286	188
1287	159
1288	168
1289	157
1290	164
1291	175
1292	151
1293	174
1294	159
1295	162
1296	118
1297	160
1298	159
1299	137
1300	134
1301	161
1302	157
1303	147
1304	150
1305	139
1306	164
1307	134
1308	147
1309	161
1310	171
1311	165
1312	161
1313	140
1314	163
1315	161
1316	156
1317	161
1318	188
1319	144
1320	156
1321	158
1322	151
1323	157
1324	161
1325	155
1326	160
1327	115
1328	143
1329	171
1330	176
1331	143
1332	154
1333	151
1334	171
1335	150
1336	151
1337	154
1338	138
1339	148
1340	149
1341	160
1342	142
1343	127
1344	129
1345	146
1346	139
1347	125
1348	144
1349	143
1350	170
1351	145
1352	130
1353	143
1354	161
1355	157
1356	149
1357	129
1358	138
1359	131
1360	146
1361	131
1362	139
1363	163
1364	114
1365	126
1366	136
1367	127
1368	141
1369	145
1370	148
1371	121
1372	159
1373	148
1374	140
1375	124
1376	139
1377	147
1378	162
1379	155
1380	140
1381	155
1382	124
1383	154
1384	147
1385	113
1386	129
1387	143
1388	124
1389	135
1390	142
1391	152
1392	129
1393	136
1394	129
1395	138
1396	111
1397	154
1398	129
1399	132
1400	155
1401	140
1402	130
1403	139
1404	133
1405	149
1406	141
1407	155
1408	135
1409	141
1410	130
1411	133
1412	150
1413	127
1414	129
1415	138
1416	141
1417	129
1418	138
1419	148
1420	128
1421	122
1422	116
1423	133
1424	122
1425	113
1426	149
1427	131
1428	135
1429	128
1430	145
1431	132
1432	113
1433	124
1434	104
1435	107
1436	118
1437	118
1438	113
1439	104
1440	119
1441	116
1442	116
1443	123
1444	120
1445	112
1446	114
1447	121
1448	103
1449	129
1450	103
1451	111
1452	131
1453	116
1454	109
1455	109
1456	105
1457	114
1458	102
1459	104
1460	102
1461	127
1462	108
1463	118
1464	104
1465	110
1466	100
1467	114
1468	91
1469	101
1470	117
1471	109
1472	124
1473	100
1474	105
1475	105
1476	115
1477	119
1478	121
1479	104
1480	111
1481	118
1482	89
1483	104
1484	105
1485	114
1486	99
1487	90
1488	110
1489	108
1490	111
1491	109
1492	135
1493	104
1494	123
1495	122
1496	93
1497	106
1498	117
1499	120
1500	107
1501	104
1502	114
1503	85
1504	114
1505	118
1506	108
1507	119
1508	116
1509	99
1510	114
1511	121
1512	121
1513	127
1514	114
1515	95
1516	115
1517	113
1518	116
1519	103
1520	111
1521	100
1522	111
1523	120
1524	116
1525	112
1526	110
1527	110
1528	118
1529	113
1530	120
1531	107
1532	98
1533	127
1534	113
1535	110
1536	111
1537	127
1538	99
1539	120
1540	110
1541	137
1542	102
1543	123
1544	118
1545	115
1546	116
1547	111
1548	119
1549	105
1550	116
1551	107
1552	92
1553	120
1554	93
1555	120
1556	123
1557	126
1558	99
1559	113
1560	110
1561	116
1562	107
1563	113
1564	98
1565	113
1566	104
1567	105
1568	105
1569	102
1570	116
1571	94
1572	110
1573	112
1574	109
1575	84
1576	91
1577	77
1578	96
1579	96
1580	92
1581	101
1582	100
1583	120
1584	108
1585	99
1586	89
1587	89
1588	84
1589	106
1590	97
1591	82
1592	80
1593	85
1594	100
1595	100
1596	102
1597	77
1598	100
1599	111
1600	81
1601	96
1602	94
1603	77
1604	77
1605	108
1606	84
1607	80
1608	93
1609	85
1610	78
1611	76
1612	91
1613	76
1614	82
1615	89
1616	79
1617	70
1618	79
1619	76
1620	83
1621	68
1622	76
1623	79
1624	71
1625	91
1626	77
1627	84
1628	85
1629	78
1630	73
1631	82
1632	88
1633	79
1634	78
1635	93
1636	99
1637	90
1638	94
1639	71
1640	74
1641	95
1642	85
1643	80
1644	81
1645	77
1646	71
1647	87
1648	83
1649	82
1650	80
1651	104
1652	73
1653	94
1654	67
1655	87
1656	81
1657	83
1658	79
1659	88
1660	82
1661	65
1662	76
1663	84
1664	69
1665	77
1666	72
1667	63
1668	72
1669	75
1670	80
1671	73
1672	90
1673	77
1674	58
1675	76
1676	74
1677	72
1678	69
1679	65
1680	61
1681	77
1682	65
1683	62
1684	70
1685	67
1686	67
1687	62
1688	69
1689	61
1690	87
1691	76
1692	52
1693	74
1694	66
1695	72
1696	72
1697	72
1698	70
1699	64
1700	73
1701	56
1702	57
1703	80
1704	69
1705	73
1706	69
1707	63
1708	74
1709	65
1710	71
1711	78
1712	73
1713	56
1714	63
1715	77
1716	65
1717	74
1718	74
1719	81
1720	66
1721	52
1722	83
1723	65
1724	86
1725	59
1726	64
1727	69
1728	57
1729	69
1730	87
1731	53
1732	63
1733	60
1734	59
1735	55
1736	60
1737	71
1738	62
1739	72
1740	70
1741	54
1742	62
1743	62
1744	48
1745	75
1746	68
1747	67
1748	60
1749	78
1750	73
1751	66
1752	51
1753	49
1754	60
1755	53
1756	52
1757	53
1758	58
1759	61
1760	60
1761	52
1762	56
1763	58
1764	55
1765	63
1766	52
1767	49
1768	43
1769	47
1770	49
1771	56
1772	46
1773	53
1774	51
1775	41
1776	47
1777	59
1778	55
1779	54
1780	46
1781	53
1782	52
1783	40
1784	47
1785	47
1786	52
1787	37
1788	49
1789	59
1790	48
1791	48
1792	48
1793	59
1794	50
1795	48
1796	46
1797	52
1798	34
1799	41
1800	54
1801	38
1802	44
1803	35
1804	45
1805	47
1806	33
1807	40
1808	57
1809	49
1810	39
1811	38
1812	39
1813	60
1814	52
1815	45
1816	39
1817	46
1818	45
1819	56
1820	37
1821	41
1822	58
1823	46
1824	53
1825	37
1826	51
1827	52
1828	44
1829	48
1830	30
1831	38
1832	26
1833	32
1834	43
1835	46
1836	45
1837	40
1838	47
1839	36
1840	26
1841	38
1842	42
1843	21
1844	37
1845	52
1846	34
1847	30
1848	42
1849	45
1850	36
1851	47
1852	35
1853	45
1854	34
1855	47
1856	52
1857	42
1858	50
1859	44
1860	47
1861	33
1862	34
1863	36
1864	43
1865	34
1866	42
1867	54
1868	31
1869	28
1870	38
1871	54
1872	38
1873	40
1874	46
1875	35
1876	47
1877	29
1878	37
1879	29
1880	43
1881	34
1882	55
1883	51
1884	25
1885	32
1886	41
1887	30
1888	49
1889	47
1890	42
1891	34
1892	28
1893	31
1894	39
1895	41
1896	34
1897	43
1898	48
1899	53
1900	44
1901	29
1902	35
1903	43
1904	41
1905	38
1906	48
1907	37
1908	46
1909	36
1910	31
1911	32
1912	52
1913	34
1914	34
1915	35
1916	42
1917	25
1918	38
1919	43
1920	29
1921	45
1922	42
1923	32
1924	41
1925	37
1926	31
1927	39
1928	38
1929	36
1930	40
1931	50
1932	33
1933	40
1934	46
1935	43
1936	43
1937	35
1938	38
1939	35
1940	38
1941	33
1942	38
1943	42
1944	44
1945	40
1946	41
1947	42
1948	42
1949	38
1950	33
1951	38
1952	43
1953	35
1954	28
1955	43
1956	33
1957	39
1958	38
1959	26
1960	35
1961	24
1962	24
1963	39
1964	35
1965	26
1966	35
1967	31
1968	33
1969	33
1970	25
1971	30
1972	39
1973	38
1974	36
1975	27
1976	43
1977	39
1978	26
1979	35
1980	34
1981	39
1982	28
1983	37
1984	39
1985	30
1986	34
1987	25
1988	31
1989	42
1990	37
1991	26
1992	26
1993	36
1994	32
1995	28
1996	27
1997	36
1998	34
1999	37
2000	31
2001	28
2002	29
2003	35
2004	32
2005	30
2006	37
2007	27
2008	24
2009	29
2010	21
2011	30
2012	25
2013	37
2014	22
2015	22
2016	24
2017	22
2018	29
2019	27
2020	29
2021	32
2022	24
2023	32
2024	21
2025	24
2026	25
2027	25
2028	34
2029	26
2030	26
2031	25
2032	19
2033	27
2034	25
2035	20
2036	22
2037	27
2038	40
2039	21
2040	22
2041	24
2042	22
2043	22
2044	20
2045	23
2046	15
2047	24
2048	25
2049	32
2050	28
2051	23
2052	20
2053	29
2054	24
2055	24
2056	22
2057	26
2058	27
2059	18
2060	29
2061	24
2062	26
2063	23
2064	21
2065	26
2066	27
2067	22
2068	26
2069	25
2070	15
2071	25
2072	13
2073	22
2074	15
2075	22
2076	16
2077	28
2078	17
2079	26
2080	27
2081	35
2082	21
2083	25
2084	16
2085	24
2086	22
2087	17
2088	20
2089	20
2090	22
2091	25
2092	29
2093	21
2094	19
2095	24
2096	23
2097	26
2098	24
2099	17
2100	27
2101	24
2102	15
2103	20
2104	15
2105	19
2106	27
2107	23
2108	17
2109	20
2110	15
2111	30
2112	19
2113	23
2114	14
2115	24
2116	19
2117	23
2118	17
2119	17
2120	16
2121	23
2122	17
2123	19
2124	18
2125	15
2126	21
2127	21
2128	15
2129	21
2130	20
2131	19
2132	25
2133	18
2134	25
2135	17
2136	27
2137	16
2138	17
2139	18
2140	20
2141	17
2142	18
2143	23
2144	20
2145	19
2146	22
2147	22
2148	25
2149	20
2150	26
2151	18
2152	10
2153	15
2154	23
2155	22
2156	17
2157	19
2158	21
2159	18
2160	19
2161	24
2162	17
2163	15
2164	17
2165	13
2166	19
2167	15
2168	21
2169	18
2170	19
2171	30
2172	24
2173	14
2174	17
2175	23
2176	22
2177	22
2178	20
2179	19
2180	19
2181	10
2182	15
2183	19
2184	14
2185	13
2186	12
2187	22
2188	20
2189	20
2190	18
2191	19
2192	10
2193	19
2194	16
2195	18
2196	15
2197	7
2198	24
2199	15
2200	12
2201	14
2202	15
2203	17
2204	25
2205	18
2206	15
2207	20
2208	17
2209	17
2210	16
2211	12
2212	16
2213	12
2214	19
2215	11
2216	17
2217	17
2218	15
2219	12
2220	11
2221	8
2222	14
2223	9
2224	10
2225	11
2226	15
2227	10
2228	13
2229	8
2230	23
2231	19
2232	12
2233	10
2234	13
2235	16
2236	19
2237	14
2238	7
2239	15
2240	11
2241	9
2242	13
2243	15
2244	15
2245	10
2246	17
2247	8
2248	19
2249	16
2250	15
2251	21
2252	13
2253	8
2254	16
2255	13
2256	11
2257	8
2258	20
2259	10
2260	11
2261	16
2262	13
2263	10
2264	17
2265	15
2266	13
2267	13
2268	13
2269	19
2270	15
2271	14
2272	18
2273	17
2274	18
2275	9
2276	14
2277	11
2278	19
2279	12
2280	9
2281	15
2282	14
2283	12
2284	10
2285	11
2286	9
2287	8
2288	10
2289	8
2290	8
2291	10
2292	6
2293	10
2294	6
2295	10
2296	5
2297	6
2298	9
2299	11
2300	4
2301	9
2302	10
2303	9
2304	10
2305	13
2306	8
2307	14
2308	11
2309	15
2310	5
2311	7
2312	5
2313	9
2314	5
2315	5
2316	14
2317	12
2318	6
2319	9
2320	9
2321	14
2322	11
2323	13
2324	11
2325	10
2326	11
2327	17
2328	13
2329	10
2330	13
2331	12
2332	14
2333	17
2334	13
2335	10
2336	11
2337	10
2338	8
2339	8
2340	13
2341	4
2342	10
2343	13
2344	7
2345	13
2346	11
2347	8
2348	7
2349	11
2350	14
2351	13
2352	10
2353	12
2354	14
2355	7
2356	9
2357	13
2358	14
2359	8
2360	13
2361	6
2362	14
2363	8
2364	15
2365	10
2366	2
2367	11
2368	4
2369	6
2370	6
2371	16
2372	7
2373	9
2374	13
2375	10
2376	9
2377	5
2378	12
2379	10
2380	7
2381	7
2382	13
2383	10
2384	12
2385	10
2386	12
2387	5
2388	15
2389	5
2390	7
2391	7
2392	9
2393	11
2394	7
2395	6
2396	10
2397	11
2398	12
2399	10
2400	14
2401	9
2402	10
2403	8
2404	13
2405	13
2406	8
2407	9
2408	8
2409	5
2410	9
2411	6
2412	7
2413	9
2414	14
2415	6
2416	8
2417	4
2418	14
2419	9
2420	8
2421	10
2422	9
2423	6
2424	4
2425	7
2426	8
2427	10
2428	4
2429	8
2430	5
2431	3
2432	6
2433	10
2434	10
2435	7
2436	4
2437	4
2438	6
2439	5
2440	9
2441	3
2442	9
2443	2
2444	1
2445	5
2446	3
2447	1
2448	5
2449	4
2450	6
2451	7
2452	7
2453	3
2454	6
2455	7
2456	4
2457	4
2458	5
2459	9
2460	9
2461	0
2462	5
2463	3
2464	9
2465	5
2466	4
2467	6
2468	7
2469	5
2470	2
2471	5
2472	5
2473	5
2474	6
2475	7
2476	7
2477	11
2478	3
2479	5
2480	5
2481	5
2482	7
2483	5
2484	4
2485	5
2486	2
2487	7
2488	2
2489	9
2490	6
2491	8
2492	11
2493	6
2494	9
2495	5
2496	6
2497	5
2498	3
2499	4
2500	7
2501	7
2502	10
2503	5
2504	7
2505	6
2506	4
2507	5
2508	5
2509	4
2510	5
2511	7
2512	5
2513	6
2514	8
2515	11
2516	4
2517	10
2518	3
2519	5
2520	4
2521	6
2522	7
2523	10
2524	3
2525	7
2526	3
2527	3
2528	6
2529	6
2530	7
2531	2
2532	11
2533	4
2534	4
2535	8
2536	3
2537	5
2538	7
2539	4
2540	5
2541	8
2542	2
2543	7
2544	2
2545	4
2546	5
2547	4
2548	4
2549	3
2550	5
2551	6
2552	3
2553	8
2554	1
2555	5
2556	7
2557	7
2558	5
2559	6
2560	0
2561	2
2562	7
2563	4
2564	4
2565	7
2566	8
2567	2
2568	4
2569	3
2570	5
2571	6
2572	3
2573	4
2574	4
2575	4
2576	5
2577	5
2578	3
2579	3
2580	3
2581	4
2582	3
2583	4
2584	4
2585	6
2586	6
2587	5
2588	3
2589	5
2590	5
2591	1
2592	5
2593	1
2594	4
2595	4
2596	10
2597	2
2598	1
2599	6
2600	3
2601	1
2602	1
2603	1
2604	3
2605	2
2606	2
2607	4
2608	4
2609	2
2610	6
2611	4
2612	6
2613	2
2614	8
2615	1
2616	4
2617	5
2618	4
2619	4
2620	1
2621	2
2622	5
2623	4
2624	3
2625	2
2626	2
2627	1
2628	2
2629	6
2630	5
2631	1
2632	0
2633	3
2634	4
2635	4
2636	3
2637	5
2638	6
2639	0
2640	1
2641	3
2642	2
2643	4
2644	1
2645	1
2646	5
2647	1
2648	2
2649	3
2650	4
2651	2
2652	1
2653	5
2654	5
2655	5
2656	4
2657	3
2658	3
2659	4
2660	2
2661	2
2662	2
2663	5
2664	3
2665	4
2666	4
2667	2
2668	4
2669	1
2670	2
2671	2
2672	4
2673	3
2674	2
2675	3
2676	4
2677	4
2678	4
2679	4
2680	2
2681	2
2682	2
2683	2
2684	3
2685	4
2686	4
2687	1
2688	0
2689	1
2690	1
2691	2
2692	3
2693	2
2694	3
2695	2
2696	1
2697	8
2698	3
2699	3
2700	6
2701	3
2702	3
2703	3
2704	3
2705	1
2706	3
2707	3
2708	5
2709	3
2710	2
2711	6
2712	3
2713	2
2714	2
2715	1
2716	0
2717	5
2718	5
2719	4
2720	5
2721	1
2722	0
2723	3
2724	4
2725	4
2726	3
2727	1
2728	2
2729	3
2730	2
2731	4
2732	5
2733	2
2734	4
2735	3
2736	2
2737	2
2738	2
2739	3
2740	3
2741	5
2742	10
2743	2
2744	4
2745	4
2746	2
2747	4
2748	2
2749	2
2750	4
2751	2
2752	6
2753	5
2754	1
2755	5
2756	5
2757	6
2758	4
2759	4
2760	3
2761	4
2762	1
2763	3
2764	5
2765	4
2766	4
2767	1
2768	0
2769	1
2770	3
2771	2
2772	2
2773	4
2774	1
2775	1
2776	3
2777	2
2778	1
2779	1
2780	3
2781	5
2782	3
2783	1
2784	3
2785	2
2786	3
2787	5
2788	2
2789	4
2790	5
2791	2
2792	1
2793	5
2794	4
2795	2
2796	5
2797	9
2798	1
2799	5
2800	3
2801	2
2802	2
2803	2
2804	2
2805	0
2806	5
2807	2
2808	0
2809	1
2810	3
2811	1
2812	3
2813	2
2814	4
2815	2
2816	1
2817	1
2818	4
2819	3
2820	3
2821	2
2822	3
2823	5
2824	3
2825	4
2826	3
2827	2
2828	1
2829	3
2830	2
2831	2
2832	4
2833	1
2834	4
2835	3
2836	5
2837	2
2838	1
2839	3
2840	6
2841	0
2842	4
2843	3
2844	3
2845	2
2846	1
2847	3
2848	5
2849	0
2850	1
2851	3
2852	1
2853	3
2854	3
2855	0
2856	0
2857	0
2858	3
2859	0
2860	3
2861	1
2862	1
2863	4
2864	0
2865	0
2866	1
2867	2
2868	0
2869	0
2870	2
2871	2
2872	4
2873	2
2874	2
2875	0
2876	2
2877	3
2878	2
2879	3
2880	5
2881	0
2882	4
2883	4
2884	5
2885	0
2886	1
2887	1
2888	4
2889	4
2890	2
2891	4
2892	4
2893	2
2894	3
2895	5
2896	1
2897	2
2898	3
2899	0
2900	2
2901	3
2902	0
2903	1
2904	1
2905	1
2906	3
2907	0
2908	5
2909	3
2910	3
2911	6
2912	1
2913	2
2914	2
2915	1
2916	1
2917	1
2918	3
2919	0
2920	2
2921	1
2922	2
2923	2
2924	3
2925	1
2926	1
2927	2
2928	4
2929	2
2930	1
2931	0
2932	4
2933	2
2934	1
2935	0
2936	2
2937	1
2938	3
2939	4
2940	3
2941	0
2942	0
2943	1
2944	2
2945	0
2946	3
2947	0
2948	1
2949	2
2950	2
2951	0
2952	1
2953	1
2954	0
2955	2
2956	0
2957	3
2958	1
2959	0
2960	0
2961	1
2962	1
2963	0
2964	2
2965	1
2966	0
2967	0
2968	0
2969	2
2970	0
2971	1
2972	0
2973	0
2974	0
2975	3
2976	0
2977	1
2978	1
2979	1
2980	1
2981	0
2982	2
2983	0
2984	1
2985	0
2986	1
2987	0
2988	0
2989	2
2990	3
2991	0
2992	0
2993	0
2994	0
2995	1
2996	1
2997	0
2998	0
2999	1
3000	1
3001	1
3002	0
3003	1
3004	0
3005	1
3006	0
3007	0
3008	0
3009	0
3010	1
3011	1
3012	2
3013	1
3014	0
3015	1
3016	0
3017	1
3018	1
3019	0
3020	0
3021	0
3022	0
3023	1
3024	1
3025	0
3026	0
3027	1
3028	0
3029	0
3030	1
3031	1
3032	0
3033	2
3034	0
3035	0
3036	0
3037	0
3038	2
3039	0
3040	1
3041	1
3042	2
3043	1
3044	0
3045	0
3046	0
3047	0
3048	1
3049	0
3050	0
3051	0
3052	0
3053	2
3054	0
3055	0
3056	0
3057	1
3058	1
3059	0
3060	0
3061	0
3062	0
3063	1
3064	0
3065	0
3066	0
3067	1
3068	1
3069	1
3070	0
3071	0
3072	0
3073	1
3074	1
3075	0
3076	0
3077	1
3078	0
3079	0
3080	1
3081	1
3082	0
3083	2
3084	1
3085	0
3086	0
3087	0
3088	1
3089	0
3090	0
3091	1
3092	0
3093	0
3094	2
3095	0
3096	1
3097	0
3098	0
3099	0
3100	1
3101	0
3102	0
3103	2
3104	0
3105	1
3106	1
3107	0
3108	1
3109	2
3110	0
3111	1
3112	0
3113	2
3114	2
3115	3
3116	0
3117	2
3118	1
3119	1
3120	0
3121	2
3122	2
3123	0
3124	0
3125	0
3126	1
3127	0
3128	0
3129	0
3130	0
3131	0
3132	2
3133	0
3134	0
3135	2
3136	1
3137	2
3138	1
3139	0
3140	1
3141	2
3142	1
3143	3
3144	1
3145	1
3146	3
3147	2
3148	0
3149	1
3150	4
3151	0
3152	1
3153	1
3154	1
3155	1
3156	0
3157	2
3158	1
3159	1
3160	1
3161	1
3162	3
3163	3
3164	1
3165	1
3166	2
3167	0
3168	2
3169	1
3170	2
3171	0
3172	1
3173	0
3174	3
3175	1
3176	2
3177	4
3178	3
3179	0
3180	3
3181	1
3182	2
3183	4
3184	1
3185	2
3186	2
3187	5
3188	0
3189	1
3190	4
3191	2
3192	2
3193	2
3194	3
3195	5
3196	2
3197	1
3198	1
3199	1
3200	0
3201	3
3202	0
3203	2
3204	1
3205	0
3206	0
3207	1
3208	1
3209	0
3210	0
3211	1
3212	1
3213	1
3214	1
3215	2
3216	1
3217	1
3218	2
3219	0
3220	0
3221	1
3222	3
3223	1
3224	1
3225	1
3226	2
3227	3
3228	2
3229	1
3230	3
3231	0
3232	3
3233	3
3234	3
3235	1
3236	2
3237	1
3238	2
3239	3
3240	2
3241	2
3242	2
3243	4
3244	2
3245	4
3246	0
3247	3
3248	2
3249	3
3250	1
3251	2
3252	2
3253	0
3254	3
3255	1
3256	3
3257	2
3258	2
3259	4
3260	1
3261	1
3262	0
3263	2
3264	0
3265	2
3266	0
3267	2
3268	0
3269	1
3270	3
3271	1
3272	1
3273	2
3274	2
3275	1
3276	3
3277	2
3278	0
3279	0
3280	0
3281	0
3282	0
3283	3
3284	0
3285	0
3286	1
3287	1
3288	0
3289	0
3290	4
3291	1
3292	2
3293	1
3294	1
3295	3
3296	0
3297	1
3298	0
3299	2
3300	1
3301	3
3302	0
3303	0
3304	0
3305	0
3306	1
3307	0
3308	1
3309	0
3310	0
3311	1
3312	0
3313	0
3314	1
3315	0
3316	1
3317	2
3318	0
3319	0
3320	0
3321	0
3322	1
3323	0
3324	1
3325	0
3326	0
3327	0
3328	2
3329	0
3330	0
3331	0
3332	0
3333	1
3334	0
3335	2
3336	0
3337	0
3338	2
3339	2
3340	2
3341	0
3342	1
3343	0
3344	0
3345	0
3346	0
3347	1
3348	0
3349	0
3350	0
3351	3
3352	1
3353	0
3354	0
3355	0
3356	0
3357	0
3358	0
3359	0
3360	1
3361	0
3362	0
3363	1
3364	1
3365	2
3366	0
3367	1
3368	0
3369	0
3370	0
3371	1
3372	0
3373	0
3374	0
3375	1
3376	0
3377	0
3378	0
3379	0
3380	0
3381	2
3382	0
3383	1
3384	0
3385	0
3386	1
3387	1
3388	1
3389	0
3390	1
3391	0
3392	1
3393	0
3394	0
3395	0
3396	1
3397	0
3398	0
3399	0
3400	0
3401	0
3402	2
3403	1
3404	1
3405	1
3406	1
3407	1
3408	2
3409	0
3410	3
3411	1
3412	0
3413	1
3414	1
3415	0
3416	1
3417	0
3418	2
3419	1
3420	0
3421	1
3422	0
3423	0
3424	1
3425	1
3426	1
3427	0
3428	0
3429	0
3430	2
3431	0
3432	0
3433	0
3434	0
3435	0
3436	0
3437	0
3438	0
3439	0
3440	0
3441	1
3442	0
3443	1
3444	0
3445	1
3446	1
3447	0
3448	0
3449	0
3450	0
3451	0
3452	0
3453	0
3454	0
3455	0
3456	0
3457	1
3458	0
3459	0
3460	0
3461	0
3462	1
3463	0
3464	0
3465	0
3466	0
3467	0
3468	0
3469	1
3470	0
3471	0
3472	0
3473	0
3474	0
3475	0
3476	0
3477	0
3478	0
3479	0
3480	1
3481	2
3482	0
3483	0
3484	0
3485	0
3486	0
3487	0
3488	1
3489	0
3490	0
3491	0
3492	0
3493	0
3494	0
3495	0
3496	0
3497	0
3498	0
3499	0
3500	0
3501	0
3502	0
3503	0
3504	0
3505	0
3506	0
3507	0
3508	1
3509	0
3510	0
3511	0
3512	0
3513	0
3514	0
3515	1
3516	0
3517	1
3518	0
3519	0
3520	0
3521	1
3522	0
3523	0
3524	0
3525	0
3526	0
3527	0
3528	0
3529	1
3530	0
3531	0
3532	0
3533	1
3534	0
3535	0
3536	1
3537	0
3538	0
3539	0
3540	0
3541	0
3542	0
3543	0
3544	0
3545	0
3546	1
3547	2
3548	0
3549	0
3550	0
3551	0
3552	0
3553	0
3554	0
3555	0
3556	0
3557	0
3558	0
3559	0
3560	0
3561	0
3562	0
3563	0
3564	0
3565	0
3566	0
3567	0
3568	0
3569	0
3570	0
3571	0
3572	0
3573	0
3574	1
3575	0
3576	0
3577	0
3578	0
3579	0
3580	0
3581	0
3582	0
3583	0
3584	0
3585	0
3586	1
3587	1
3588	1
3589	0
3590	0
3591	0
3592	0
3593	0
3594	0
3595	0
3596	0
3597	0
3598	0
3599	0
3600	0
3601	0
3602	0
3603	0
3604	0
3605	0
3606	0
3607	1
3608	0
3609	0
3610	0
3611	0
3612	0
3613	0
3614	0
3615	0
3616	0
3617	0
3618	0
3619	0
3620	0
3621	0
3622	0
3623	0
3624	0
3625	0
3626	0
3627	0
3628	0
3629	0
3630	0
3631	0
3632	0
3633	0
3634	0
3635	0
3636	0
3637	0
3638	0
3639	0
3640	0
3641	0
3642	0
3643	0
3644	0
3645	0
3646	0
3647	0
3648	0
3649	0
3650	0
3651	0
3652	0
3653	0
3654	0
3655	0
3656	0
3657	0
3658	0
3659	0
3660	0
3661	0
3662	0
3663	0
3664	0
3665	0
3666	0
3667	0
3668	0
3669	0
3670	0
3671	0
3672	0
3673	0
3674	0
3675	0
3676	0
3677	0
3678	0
3679	0
3680	0
3681	0
3682	0
3683	0
3684	0
3685	0
3686	0
3687	0
3688	0
3689	0
3690	0
3691	0
3692	0
3693	0
3694	0
3695	0
3696	0
3697	0
3698	0
3699	0
3700	0
3701	0
3702	0
3703	0
3704	0
3705	0
3706	0
3707	0
3708	0
3709	0
3710	0
3711	0
3712	0
3713	0
3714	0
3715	0
3716	0
3717	0
3718	0
3719	1
3720	0
3721	0
3722	0
3723	0
3724	0
3725	0
3726	0
3727	0
3728	0
3729	0
3730	0
3731	0
3732	0
3733	0
3734	0
3735	0
3736	0
3737	0
3738	0
3739	0
3740	0
3741	0
3742	0
3743	0
3744	0
3745	0
3746	0
3747	0
3748	0
3749	0
3750	0
3751	0
3752	0
3753	0
3754	0
3755	0
3756	0
3757	0
3758	0
3759	0
3760	0
3761	0
3762	0
3763	0
3764	0
3765	0
3766	0
3767	0
3768	0
3769	0
3770	0
3771	0
3772	0
3773	0
3774	0
3775	0
3776	0
3777	0
3778	0
3779	0
3780	0
3781	0
3782	0
3783	0
3784	0
3785	0
3786	0
3787	0
3788	0
3789	0
3790	0
3791	0
3792	0
3793	0
3794	0
3795	0
3796	0
3797	0
3798	0
3799	0
3800	0
3801	0
3802	0
3803	0
3804	1
3805	0
3806	0
3807	0
3808	0
3809	0
3810	0
3811	0
3812	0
3813	0
3814	1
3815	0
3816	0
3817	0
3818	0
3819	0
3820	0
3821	0
3822	0
3823	1
3824	0
3825	0
3826	0
3827	0
3828	0
3829	0
3830	0
3831	0
3832	0
3833	0
3834	0
3835	0
3836	0
3837	0
3838	1
3839	0
3840	0
3841	0
3842	0
3843	0
3844	0
3845	0
3846	0
3847	1
3848	0
3849	0
3850	0
3851	1
3852	1
3853	1
3854	1
3855	0
3856	0
3857	0
3858	0
3859	0
3860	1
3861	0
3862	0
3863	0
3864	0
3865	0
3866	0
3867	0
3868	0
3869	0
3870	0
3871	0
3872	0
3873	0
3874	0
3875	0
3876	0
3877	1
3878	1
3879	0
3880	1
3881	0
3882	1
3883	0
3884	1
3885	0
3886	1
3887	0
3888	0
3889	0
3890	0
3891	0
3892	0
3893	0
3894	0
3895	1
3896	0
3897	1
3898	0
3899	0
3900	0
3901	0
3902	0
3903	0
3904	0
3905	0
3906	0
3907	1
3908	1
3909	0
3910	0
3911	0
3912	0
3913	0
3914	0
3915	0
3916	0
3917	0
3918	0
3919	0
3920	0
3921	0
3922	0
3923	0
3924	0
3925	0
3926	1
3927	1
3928	0
3929	0
3930	0
3931	0
3932	0
3933	0
3934	0
3935	0
3936	0
3937	1
3938	0
3939	1
3940	0
3941	0
3942	1
3943	1
3944	0
3945	0
3946	0
3947	0
3948	0
3949	0
3950	0
3951	0
3952	0
3953	1
3954	0
3955	1
3956	1
3957	1
3958	1
3959	0
3960	0
3961	0
3962	0
3963	0
3964	1
3965	0
3966	2
3967	1
3968	0
3969	2
3970	0
3971	0
3972	1
3973	0
3974	1
3975	0
3976	0
3977	0
3978	0
3979	1
3980	0
3981	0
3982	1
3983	0
3984	1
3985	1
3986	1
3987	0
3988	0
3989	0
3990	0
3991	0
3992	1
3993	0
3994	0
3995	1
3996	0
3997	1
3998	0
3999	0
4000	0
4001	0
4002	0
4003	0
4004	0
4005	0
4006	0
4007	2
4008	0
4009	0
4010	2
4011	0
4012	0
4013	0
4014	0
4015	0
4016	0
4017	0
4018	1
4019	0
4020	0
4021	0
4022	0
4023	0
4024	0
4025	0
4026	1
4027	0
4028	1
4029	0
4030	0
4031	1
4032	0
4033	0
4034	1
4035	0
4036	0
4037	0
4038	0
4039	0
4040	0
4041	0
4042	0
4043	0
4044	1
4045	0
4046	0
4047	0
4048	0
4049	0
4050	0
4051	0
4052	0
4053	0
4054	0
4055	0
4056	0
4057	0
4058	0
4059	0
4060	0
4061	0
4062	0
4063	0
4064	0
4065	0
4066	0
4067	1
4068	0
4069	0
4070	0
4071	0
4072	1
4073	1
4074	0
4075	0
4076	0
4077	1
4078	1
4079	0
4080	1
4081	0
4082	0
4083	0
4084	0
4085	0
4086	1
4087	0
4088	0
4089	0
4090	2
4091	0
4092	0
4093	0
4094	0
4095	0
4096	1
4097	0
4098	0
4099	1
4100	0
4101	0
4102	0
4103	1
4104	0
4105	0
4106	0
4107	0
4108	1
4109	0
4110	0
4111	0
4112	1
4113	0
4114	0
4115	0
4116	0
4117	0
4118	0
4119	0
4120	0
4121	0
4122	0
4123	1
4124	1
4125	0
4126	0
4127	0
4128	0
4129	0
4130	0
4131	0
4132	0
4133	0
4134	0
4135	0
4136	0
4137	0
4138	0
4139	1
4140	0
4141	0
4142	0
4143	0
4144	0
4145	0
4146	0
4147	0
4148	0
4149	0
4150	1
4151	0
4152	0
4153	0
4154	0
4155	0
4156	0
4157	0
4158	0
4159	2
4160	1
4161	1
4162	0
4163	0
4164	0
4165	0
4166	1
4167	0
4168	1
4169	0
4170	0
4171	0
4172	0
4173	0
4174	0
4175	1
4176	1
4177	0
4178	0
4179	0
4180	1
4181	2
4182	0
4183	1
4184	0
4185	0
4186	2
4187	0
4188	0
4189	0
4190	1
4191	0
4192	0
4193	0
4194	1
4195	0
4196	0
4197	1
4198	0
4199	0
4200	0
4201	0
4202	1
4203	0
4204	0
4205	0
4206	0
4207	0
4208	1
4209	0
4210	1
4211	0
4212	0
4213	0
4214	2
4215	1
4216	0
4217	1
4218	0
4219	1
4220	1
4221	2
4222	0
4223	0
4224	0
4225	2
4226	0
4227	0
4228	0
4229	0
4230	2
4231	0
4232	0
4233	1
4234	0
4235	0
4236	2
4237	1
4238	0
4239	0
4240	0
4241	2
4242	0
4243	0
4244	1
4245	0
4246	0
4247	0
4248	0
4249	2
4250	0
4251	0
4252	1
4253	0
4254	0
4255	0
4256	0
4257	0
4258	0
4259	0
4260	2
4261	0
4262	0
4263	0
4264	0
4265	0
4266	0
4267	1
4268	0
4269	0
4270	0
4271	2
4272	0
4273	0
4274	0
4275	0
4276	0
4277	0
4278	0
4279	0
4280	2
4281	0
4282	0
4283	1
4284	0
4285	0
4286	0
4287	0
4288	0
4289	0
4290	0
4291	0
4292	0
4293	1
4294	0
4295	0
4296	1
4297	1
4298	0
4299	0
4300	0
4301	0
4302	0
4303	0
4304	0
4305	1
4306	1
4307	0
4308	0
4309	0
4310	0
4311	1
4312	0
4313	0
4314	0
4315	1
4316	0
4317	0
4318	0
4319	0
4320	0
4321	0
4322	0
4323	0
4324	1
4325	1
4326	1
4327	0
4328	0
4329	1
4330	0
4331	0
4332	0
4333	0
4334	0
4335	0
4336	0
4337	0
4338	0
4339	0
4340	0
4341	0
4342	0
4343	0
4344	1
4345	1
4346	0
4347	0
4348	0
4349	1
4350	1
4351	0
4352	0
4353	0
4354	0
4355	0
4356	0
4357	0
4358	0
4359	0
4360	0
4361	0
4362	2
4363	1
4364	0
4365	0
4366	1
4367	0
4368	0
4369	0
4370	1
4371	0
4372	0
4373	2
4374	2
4375	0
4376	1
4377	1
4378	2
4379	0
4380	1
4381	0
4382	1
4383	2
4384	0
4385	1
4386	1
4387	0
4388	1
4389	0
4390	1
4391	0
4392	1
4393	1
4394	0
4395	0
4396	0
4397	0
4398	0
4399	0
4400	0
4401	0
4402	0
4403	1
4404	0
4405	0
4406	0
4407	0
4408	0
4409	0
4410	0
4411	2
4412	1
4413	0
4414	0
4415	0
4416	0
4417	0
4418	0
4419	0
4420	0
4421	0
4422	1
4423	0
4424	0
4425	1
4426	1
4427	1
4428	0
4429	1
4430	0
4431	0
4432	0
4433	1
4434	0
4435	0
4436	0
4437	1
4438	1
4439	0
4440	1
4441	1
4442	0
4443	0
4444	0
4445	0
4446	0
4447	1
4448	0
4449	0
4450	1
4451	0
4452	0
4453	0
4454	0
4455	0
4456	0
4457	0
4458	1
4459	0
4460	0
4461	0
4462	0
4463	1
4464	0
4465	1
4466	0
4467	0
4468	0
4469	1
4470	0
4471	1
4472	0
4473	0
4474	1
4475	1
4476	1
4477	0
4478	0
4479	0
4480	0
4481	0
4482	0
4483	0
4484	0
4485	0
4486	1
4487	0
4488	0
4489	0
4490	0
4491	0
4492	0
4493	0
4494	0
4495	0
4496	0
4497	0
4498	0
4499	0
4500	0
4501	0
4502	0
4503	0
4504	0
4505	0
4506	0
4507	0
4508	0
4509	0
4510	0
4511	0
4512	0
4513	0
4514	0
4515	0
4516	0
4517	0
4518	0
4519	0
4520	0
4521	0
4522	0
4523	0
4524	0
4525	0
4526	0
4527	0
4528	0
4529	0
4530	0
4531	0
4532	0
4533	0
4534	0
4535	0
4536	0
4537	0
4538	0
4539	0
4540	0
4541	0
4542	0
4543	0
4544	0
4545	0
4546	0
4547	0
4548	0
4549	0
4550	0
4551	0
4552	0
4553	0
4554	0
4555	0
4556	0
4557	0
4558	0
4559	0
4560	0
4561	0
4562	0
4563	0
4564	0
4565	0
4566	0
4567	0
4568	1
4569	0
4570	0
4571	0
4572	0
4573	0
4574	0
4575	0
4576	0
4577	0
4578	0
4579	0
4580	0
4581	0
4582	0
4583	0
4584	0
4585	0
4586	0
4587	0
4588	0
4589	0
4590	0
4591	0
4592	0
4593	0
4594	0
4595	0
4596	0
4597	0
4598	0
4599	0
4600	0
4601	1
4602	0
4603	0
4604	0
4605	0
4606	1
4607	0
4608	0
4609	0
4610	0
4611	0
4612	0
4613	0
4614	0
4615	0
4616	0
4617	1
4618	1
4619	0
4620	0
4621	0
4622	0
4623	0
4624	0
4625	0
4626	0
4627	0
4628	0
4629	0
4630	0
4631	0
4632	0
4633	0
4634	0
4635	0
4636	0
4637	0
4638	0
4639	0
4640	0
4641	0
4642	0
4643	1
4644	0
4645	0
4646	0
4647	0
4648	0
4649	0
4650	0
4651	0
4652	0
4653	0
4654	0
4655	0
4656	0
4657	0
4658	1
4659	1
4660	0
4661	0
4662	1
4663	0
4664	0
4665	0
4666	0
4667	0
4668	0
4669	0
4670	0
4671	0
4672	0
4673	1
4674	0
4675	0
4676	0
4677	0
4678	0
4679	0
4680	0
4681	0
4682	0
4683	1
4684	0
4685	0
4686	0
4687	0
4688	1
4689	0
4690	0
4691	0
4692	0
4693	0
4694	0
4695	0
4696	0
4697	0
4698	0
4699	0
4700	0
4701	0
4702	0
4703	0
4704	0
4705	0
4706	0
4707	0
4708	0
4709	0
4710	0
4711	0
4712	0
4713	0
4714	0
4715	0
4716	0
4717	0
4718	0
4719	0
4720	0
4721	0
4722	0
4723	0
4724	0
4725	0
4726	0
4727	0
4728	0
4729	0
4730	0
4731	0
4732	0
4733	0
4734	1
4735	0
4736	0
4737	0
4738	0
4739	0
4740	0
4741	0
4742	0
4743	0
4744	0
4745	0
4746	1
4747	0
4748	0
4749	0
4750	0
4751	0
4752	0
4753	0
4754	0
4755	0
4756	0
4757	0
4758	0
4759	0
4760	0
4761	0
4762	0
4763	0
4764	0
4765	0
4766	0
4767	0
4768	0
4769	0
4770	0
4771	0
4772	0
4773	0
4774	0
4775	0
4776	0
4777	1
4778	0
4779	0
4780	0
4781	0
4782	0
4783	0
4784	0
4785	0
4786	0
4787	0
4788	0
4789	0
4790	0
4791	0
4792	0
4793	0
4794	0
4795	0
4796	0
4797	0
4798	0
4799	0
4800	0
4801	0
4802	0
4803	1
4804	0
4805	0
4806	0
4807	0
4808	0
4809	0
4810	0
4811	0
4812	0
4813	0
4814	0
4815	0
4816	1
4817	0
4818	0
4819	0
4820	1
4821	0
4822	0
4823	0
4824	0
4825	0
4826	0
4827	1
4828	0
4829	0
4830	0
4831	0
4832	0
4833	0
4834	0
4835	0
4836	0
4837	0
4838	1
4839	0
4840	0
4841	0
4842	0
4843	0
4844	0
4845	0
4846	0
4847	0
4848	0
4849	0
4850	0
4851	0
4852	0
4853	0
4854	0
4855	0
4856	0
4857	0
4858	0
4859	1
4860	0
4861	0
4862	0
4863	0
4864	0
4865	0
4866	1
4867	0
4868	0
4869	0
4870	0
4871	0
4872	0
4873	0
4874	0
4875	0
4876	0
4877	1
4878	0
4879	0
4880	1
4881	0
4882	0
4883	2
4884	0
4885	0
4886	0
4887	0
4888	0
4889	0
4890	1
4891	1
4892	0
4893	1
4894	0
4895	0
4896	0
4897	1
4898	0
4899	0
4900	0
4901	0
4902	0
4903	0
4904	0
4905	0
4906	0
4907	0
4908	1
4909	1
4910	0
4911	0
4912	0
4913	1
4914	0
4915	0
4916	1
4917	1
4918	0
4919	2
4920	0
4921	0
4922	0
4923	0
4924	0
4925	1
4926	0
4927	1
4928	1
4929	1
4930	0
4931	0
4932	1
4933	0
4934	0
4935	1
4936	0
4937	0
4938	0
4939	0
4940	0
4941	1
4942	0
4943	0
4944	0
4945	0
4946	0
4947	0
4948	0
4949	0
4950	0
4951	0
4952	0
4953	1
4954	0
4955	0
4956	0
4957	0
4958	0
4959	0
4960	0
4961	0
4962	0
4963	0
4964	0
4965	0
4966	0
4967	0
4968	0
4969	0
4970	0
4971	1
4972	0
4973	0
4974	0
4975	0
4976	0
4977	0
4978	0
4979	0
4980	0
4981	0
4982	0
4983	0
4984	0
4985	0
4986	0
4987	0
4988	0
4989	0
4990	0
4991	0
4992	0
4993	0
4994	0
4995	0
4996	1
