coverage	n
1	0
2	2
3	1
4	0
5	1
6	0
7	0
8	0
9	1
10	0
11	0
12	6
13	5
14	2
15	3
16	0
17	1
18	0
19	0
20	1
21	1
22	0
23	0
24	0
25	1
26	0
27	0
28	0
29	0
30	0
31	0
32	0
33	0
34	0
35	0
36	0
37	0
38	1
39	0
40	0
41	0
42	0
43	1
44	1
45	0
46	0
47	0
48	0
49	0
50	1
51	0
52	0
53	0
54	0
55	0
56	0
57	0
58	0
59	0
60	0
61	1
62	0
63	0
64	0
65	0
66	0
67	0
68	0
69	0
70	1
71	0
72	1
73	0
74	0
75	0
76	1
77	0
78	0
79	0
80	0
81	0
82	1
83	0
84	1
85	0
86	0
87	0
88	0
89	0
90	1
91	0
92	0
93	0
94	0
95	0
96	0
97	0
98	0
99	0
100	0
101	0
102	0
103	0
104	0
105	0
106	0
107	0
108	1
109	0
110	0
111	0
112	0
113	0
114	0
115	0
116	0
117	1
118	0
119	0
120	1
121	0
122	0
123	0
124	0
125	0
126	0
127	0
128	0
129	0
130	0
131	0
132	0
133	0
134	0
135	0
136	0
137	0
138	1
139	0
140	0
141	1
142	0
143	0
144	0
145	0
146	0
147	0
148	0
149	0
150	0
151	0
152	0
153	0
154	0
155	0
156	0
157	0
158	0
159	0
160	0
161	0
162	0
163	0
164	0
165	0
166	0
167	0
168	1
169	0
170	0
171	0
172	0
173	0
174	0
175	0
176	0
177	0
178	0
179	0
180	0
181	0
182	0
183	0
184	0
185	0
186	0
187	0
188	0
189	0
190	0
191	0
192	0
193	0
194	0
195	0
196	0
197	0
198	0
199	0
200	0
201	0
202	0
203	0
204	0
205	0
206	0
207	0
208	0
209	0
210	0
211	0
212	0
213	0
214	0
215	0
216	0
217	0
218	0
219	0
220	0
221	0
222	0
223	0
224	0
225	0
226	0
227	0
228	0
229	0
230	0
231	0
232	0
233	0
234	0
235	0
236	0
237	0
238	0
239	0
240	0
241	0
242	0
243	0
244	0
245	0
246	0
247	0
248	0
249	0
250	0
251	0
252	0
253	0
254	0
255	0
256	0
257	0
258	0
259	0
260	0
261	0
262	0
263	0
264	0
265	0
266	0
267	0
268	0
269	0
270	0
271	0
272	0
273	0
274	0
275	0
276	0
277	0
278	0
279	0
280	0
281	0
282	0
283	0
284	0
285	0
286	0
287	0
288	0
289	0
290	0
291	0
292	0
293	0
294	0
295	0
296	0
297	0
298	0
299	0
300	0
301	0
302	0
303	0
304	0
305	0
306	0
307	0
308	0
309	0
310	0
311	0
312	0
313	0
314	0
315	0
316	0
317	0
318	0
319	0
320	0
321	0
322	0
323	0
324	0
325	0
326	0
327	0
328	0
329	0
330	0
331	0
332	0
333	0
334	0
335	0
336	0
337	0
338	0
339	0
340	0
341	0
342	0
343	0
344	0
345	0
346	0
347	0
348	0
349	0
350	0
351	0
352	0
353	0
354	0
355	0
356	0
357	0
358	0
359	0
360	0
361	0
362	0
363	0
364	0
365	0
366	0
367	0
368	0
369	0
370	0
371	0
372	0
373	0
374	0
375	0
376	0
377	0
378	0
379	0
380	0
381	0
382	0
383	0
384	0
385	0
386	0
387	0
388	0
389	0
390	0
391	0
392	0
393	0
394	0
395	0
396	0
397	0
398	0
399	0
400	0
401	0
402	0
403	0
404	0
405	0
406	0
407	0
408	0
409	0
410	0
411	0
412	0
413	0
414	0
415	0
416	0
417	0
418	0
419	0
420	0
421	0
422	0
423	0
424	0
425	0
426	0
427	0
428	0
429	0
430	0
431	0
432	0
433	0
434	0
435	0
436	0
437	0
438	0
439	0
440	0
441	0
442	0
443	0
444	0
445	0
446	0
447	0
448	0
449	0
450	0
451	0
452	0
453	0
454	0
455	0
456	0
457	0
458	0
459	0
460	0
461	0
462	0
463	0
464	0
465	0
466	0
467	0
468	0
469	0
470	0
471	0
472	0
473	0
474	0
475	0
476	0
477	0
478	0
479	0
480	0
481	0
482	0
483	0
484	0
485	0
486	0
487	0
488	0
489	0
490	0
491	0
492	0
493	0
494	0
495	0
496	0
497	0
498	0
499	0
500	0
501	0
502	0
503	0
504	0
505	0
506	0
507	0
508	0
509	0
510	0
511	0
512	0
513	0
514	0
515	0
516	0
517	0
518	0
519	0
520	0
521	0
522	0
523	0
524	0
525	0
526	0
527	0
528	0
529	0
530	0
531	0
532	0
533	0
534	0
535	0
536	0
537	0
538	0
539	0
540	0
541	0
542	0
543	0
544	0
545	0
546	0
547	0
548	0
549	0
550	0
551	0
552	0
553	0
554	0
555	0
556	0
557	0
558	0
559	0
560	0
561	0
562	0
563	0
564	0
565	0
566	0
567	0
568	0
569	0
570	0
571	0
572	0
573	0
574	0
575	0
576	0
577	0
578	0
579	0
580	0
581	0
582	0
583	0
584	0
585	0
586	0
587	1
588	0
589	0
590	0
591	0
592	1
593	0
594	0
595	1
596	0
597	1
598	0
599	1
600	1
601	1
602	0
603	5
604	0
605	6
606	2
607	2
608	6
609	4
610	5
611	4
612	4
613	0
614	3
615	1
616	0
617	3
618	1
619	4
620	0
621	0
622	1
623	2
624	2
625	3
626	1
627	3
628	2
629	5
630	5
631	1
632	2
633	3
634	2
635	6
636	7
637	4
638	4
639	5
640	6
641	5
642	5
643	10
644	4
645	7
646	2
647	3
648	10
649	5
650	7
651	12
652	7
653	3
654	3
655	7
656	7
657	9
658	7
659	8
660	3
661	7
662	8
663	5
664	8
665	8
666	15
667	6
668	5
669	2
670	12
671	7
672	11
673	14
674	8
675	9
676	13
677	11
678	13
679	10
680	7
681	8
682	6
683	13
684	16
685	11
686	17
687	16
688	12
689	11
690	14
691	20
692	18
693	4
694	7
695	10
696	14
697	11
698	16
699	18
700	19
701	20
702	18
703	8
704	15
705	17
706	10
707	11
708	12
709	20
710	16
711	13
712	16
713	10
714	14
715	15
716	10
717	9
718	13
719	18
720	20
721	13
722	13
723	12
724	5
725	10
726	7
727	8
728	13
729	15
730	10
731	16
732	11
733	10
734	17
735	8
736	15
737	11
738	14
739	17
740	17
741	9
742	15
743	17
744	12
745	16
746	13
747	14
748	11
749	19
750	22
751	25
752	20
753	15
754	19
755	18
756	16
757	13
758	16
759	26
760	25
761	23
762	20
763	21
764	14
765	14
766	24
767	22
768	17
769	14
770	30
771	16
772	15
773	23
774	28
775	26
776	20
777	26
778	24
779	19
780	14
781	17
782	18
783	24
784	24
785	27
786	19
787	12
788	32
789	28
790	16
791	14
792	21
793	18
794	10
795	21
796	30
797	30
798	26
799	18
800	31
801	17
802	20
803	20
804	17
805	21
806	16
807	17
808	23
809	25
810	15
811	24
812	13
813	19
814	15
815	21
816	32
817	27
818	19
819	32
820	32
821	26
822	21
823	19
824	30
825	21
826	21
827	32
828	33
829	30
830	16
831	24
832	24
833	14
834	24
835	35
836	31
837	31
838	28
839	37
840	37
841	32
842	24
843	28
844	25
845	29
846	25
847	25
848	26
849	30
850	26
851	33
852	38
853	27
854	36
855	27
856	31
857	29
858	35
859	25
860	32
861	30
862	34
863	26
864	23
865	29
866	23
867	33
868	40
869	36
870	42
871	32
872	35
873	31
874	30
875	27
876	24
877	31
878	27
879	39
880	29
881	34
882	39
883	27
884	33
885	25
886	32
887	49
888	55
889	37
890	31
891	38
892	26
893	35
894	37
895	23
896	38
897	36
898	38
899	42
900	42
901	46
902	46
903	54
904	39
905	45
906	32
907	40
908	48
909	53
910	58
911	40
912	45
913	44
914	47
915	48
916	43
917	36
918	42
919	34
920	34
921	49
922	37
923	52
924	34
925	38
926	51
927	48
928	42
929	34
930	42
931	50
932	36
933	54
934	39
935	33
936	36
937	36
938	50
939	29
940	45
941	31
942	60
943	43
944	51
945	47
946	47
947	40
948	45
949	47
950	42
951	41
952	43
953	40
954	44
955	33
956	44
957	35
958	35
959	30
960	33
961	40
962	44
963	36
964	36
965	49
966	48
967	45
968	39
969	31
970	45
971	25
972	43
973	28
974	43
975	41
976	41
977	35
978	49
979	54
980	52
981	54
982	69
983	61
984	49
985	54
986	58
987	37
988	53
989	51
990	45
991	55
992	50
993	49
994	55
995	59
996	43
997	46
998	50
999	46
1000	43
1001	38
1002	51
1003	48
1004	33
1005	44
1006	42
1007	46
1008	56
1009	55
1010	43
1011	42
1012	58
1013	60
1014	34
1015	60
1016	56
1017	49
1018	46
1019	50
1020	46
1021	56
1022	46
1023	32
1024	42
1025	46
1026	46
1027	53
1028	59
1029	44
1030	54
1031	41
1032	38
1033	48
1034	52
1035	65
1036	39
1037	44
1038	48
1039	29
1040	47
1041	54
1042	42
1043	49
1044	55
1045	46
1046	43
1047	42
1048	50
1049	61
1050	55
1051	57
1052	50
1053	54
1054	52
1055	67
1056	44
1057	68
1058	57
1059	51
1060	71
1061	41
1062	49
1063	41
1064	45
1065	54
1066	39
1067	51
1068	33
1069	36
1070	46
1071	64
1072	46
1073	41
1074	51
1075	54
1076	66
1077	65
1078	45
1079	49
1080	51
1081	40
1082	62
1083	55
1084	57
1085	53
1086	60
1087	52
1088	52
1089	69
1090	50
1091	67
1092	53
1093	59
1094	67
1095	52
1096	58
1097	55
1098	49
1099	70
1100	60
1101	56
1102	53
1103	55
1104	76
1105	64
1106	63
1107	61
1108	83
1109	67
1110	44
1111	62
1112	61
1113	65
1114	61
1115	70
1116	66
1117	62
1118	68
1119	59
1120	61
1121	56
1122	61
1123	53
1124	50
1125	61
1126	69
1127	49
1128	44
1129	59
1130	49
1131	59
1132	65
1133	55
1134	65
1135	60
1136	58
1137	66
1138	55
1139	85
1140	63
1141	57
1142	60
1143	51
1144	54
1145	70
1146	59
1147	61
1148	83
1149	58
1150	60
1151	56
1152	63
1153	55
1154	62
1155	56
1156	66
1157	66
1158	66
1159	50
1160	44
1161	67
1162	69
1163	65
1164	55
1165	76
1166	62
1167	70
1168	54
1169	53
1170	64
1171	44
1172	71
1173	59
1174	61
1175	64
1176	50
1177	65
1178	57
1179	65
1180	62
1181	73
1182	76
1183	68
1184	65
1185	59
1186	67
1187	56
1188	63
1189	75
1190	65
1191	70
1192	72
1193	79
1194	69
1195	76
1196	78
1197	73
1198	69
1199	71
1200	92
1201	87
1202	65
1203	74
1204	70
1205	80
1206	66
1207	76
1208	69
1209	60
1210	77
1211	79
1212	68
1213	68
1214	74
1215	75
1216	74
1217	68
1218	89
1219	76
1220	60
1221	63
1222	79
1223	81
1224	74
1225	66
1226	79
1227	76
1228	69
1229	71
1230	65
1231	77
1232	62
1233	73
1234	75
1235	75
1236	86
1237	95
1238	85
1239	92
1240	90
1241	73
1242	86
1243	86
1244	96
1245	90
1246	100
1247	90
1248	93
1249	99
1250	70
1251	78
1252	75
1253	86
1254	69
1255	99
1256	73
1257	78
1258	96
1259	88
1260	91
1261	94
1262	91
1263	97
1264	79
1265	115
1266	102
1267	89
1268	105
1269	79
1270	95
1271	106
1272	99
1273	110
1274	101
1275	93
1276	95
1277	85
1278	89
1279	92
1280	91
1281	111
1282	103
1283	97
1284	72
1285	82
1286	98
1287	93
1288	79
1289	97
1290	81
1291	96
1292	88
1293	87
1294	91
1295	100
1296	96
1297	88
1298	89
1299	100
1300	88
1301	122
1302	94
1303	88
1304	95
1305	112
1306	100
1307	105
1308	125
1309	82
1310	87
1311	86
1312	104
1313	110
1314	106
1315	85
1316	92
1317	113
1318	99
1319	106
1320	98
1321	98
1322	102
1323	108
1324	102
1325	93
1326	102
1327	97
1328	102
1329	106
1330	94
1331	100
1332	94
1333	92
1334	94
1335	110
1336	85
1337	99
1338	88
1339	107
1340	108
1341	102
1342	111
1343	112
1344	98
1345	114
1346	103
1347	126
1348	112
1349	104
1350	104
1351	106
1352	124
1353	101
1354	114
1355	108
1356	100
1357	101
1358	106
1359	103
1360	116
1361	109
1362	95
1363	147
1364	107
1365	109
1366	93
1367	100
1368	115
1369	116
1370	116
1371	103
1372	113
1373	97
1374	117
1375	90
1376	126
1377	120
1378	110
1379	115
1380	111
1381	106
1382	95
1383	120
1384	112
1385	117
1386	117
1387	100
1388	105
1389	108
1390	121
1391	109
1392	96
1393	120
1394	115
1395	117
1396	120
1397	119
1398	122
1399	105
1400	126
1401	104
1402	115
1403	127
1404	97
1405	129
1406	126
1407	109
1408	112
1409	109
1410	104
1411	109
1412	124
1413	120
1414	110
1415	101
1416	121
1417	109
1418	123
1419	92
1420	112
1421	111
1422	96
1423	102
1424	96
1425	111
1426	93
1427	108
1428	117
1429	97
1430	111
1431	84
1432	110
1433	101
1434	120
1435	121
1436	110
1437	104
1438	119
1439	103
1440	104
1441	126
1442	111
1443	102
1444	125
1445	135
1446	112
1447	100
1448	101
1449	103
1450	105
1451	137
1452	138
1453	113
1454	119
1455	137
1456	112
1457	120
1458	132
1459	144
1460	139
1461	127
1462	140
1463	123
1464	108
1465	151
1466	133
1467	113
1468	123
1469	132
1470	122
1471	120
1472	117
1473	136
1474	141
1475	129
1476	121
1477	125
1478	95
1479	117
1480	112
1481	120
1482	117
1483	118
1484	150
1485	148
1486	126
1487	136
1488	128
1489	129
1490	124
1491	105
1492	128
1493	115
1494	128
1495	136
1496	134
1497	111
1498	128
1499	104
1500	109
1501	128
1502	134
1503	109
1504	120
1505	118
1506	140
1507	109
1508	107
1509	118
1510	142
1511	140
1512	109
1513	107
1514	120
1515	103
1516	99
1517	103
1518	120
1519	133
1520	102
1521	137
1522	129
1523	102
1524	103
1525	113
1526	121
1527	127
1528	109
1529	129
1530	127
1531	122
1532	117
1533	112
1534	143
1535	119
1536	116
1537	112
1538	121
1539	138
1540	84
1541	122
1542	116
1543	127
1544	115
1545	126
1546	120
1547	127
1548	107
1549	103
1550	147
1551	133
1552	114
1553	101
1554	138
1555	113
1556	130
1557	120
1558	112
1559	124
1560	109
1561	120
1562	109
1563	92
1564	108
1565	118
1566	115
1567	122
1568	112
1569	114
1570	113
1571	117
1572	118
1573	123
1574	130
1575	105
1576	118
1577	133
1578	128
1579	131
1580	132
1581	126
1582	122
1583	115
1584	134
1585	124
1586	117
1587	125
1588	114
1589	141
1590	106
1591	106
1592	129
1593	129
1594	144
1595	121
1596	137
1597	133
1598	109
1599	109
1600	105
1601	130
1602	122
1603	104
1604	140
1605	125
1606	110
1607	129
1608	116
1609	139
1610	137
1611	125
1612	116
1613	118
1614	128
1615	113
1616	118
1617	117
1618	118
1619	117
1620	120
1621	137
1622	125
1623	132
1624	125
1625	113
1626	110
1627	109
1628	127
1629	123
1630	107
1631	101
1632	117
1633	104
1634	136
1635	128
1636	107
1637	112
1638	134
1639	133
1640	137
1641	111
1642	93
1643	126
1644	124
1645	120
1646	109
1647	122
1648	127
1649	107
1650	114
1651	125
1652	110
1653	129
1654	132
1655	95
1656	105
1657	111
1658	112
1659	101
1660	107
1661	110
1662	118
1663	123
1664	117
1665	109
1666	108
1667	144
1668	112
1669	117
1670	124
1671	110
1672	116
1673	106
1674	137
1675	134
1676	103
1677	138
1678	109
1679	130
1680	123
1681	119
1682	121
1683	111
1684	129
1685	107
1686	118
1687	100
1688	111
1689	115
1690	101
1691	130
1692	119
1693	121
1694	115
1695	120
1696	133
1697	110
1698	121
1699	118
1700	121
1701	127
1702	125
1703	110
1704	119
1705	119
1706	130
1707	117
1708	113
1709	128
1710	114
1711	112
1712	144
1713	106
1714	118
1715	117
1716	125
1717	144
1718	114
1719	139
1720	135
1721	139
1722	117
1723	124
1724	109
1725	150
1726	161
1727	118
1728	145
1729	111
1730	116
1731	120
1732	126
1733	113
1734	110
1735	116
1736	117
1737	128
1738	113
1739	139
1740	114
1741	118
1742	111
1743	131
1744	129
1745	124
1746	101
1747	149
1748	117
1749	118
1750	96
1751	107
1752	112
1753	111
1754	122
1755	119
1756	121
1757	125
1758	128
1759	109
1760	130
1761	136
1762	115
1763	104
1764	108
1765	112
1766	104
1767	114
1768	93
1769	143
1770	108
1771	132
1772	109
1773	108
1774	96
1775	117
1776	107
1777	120
1778	107
1779	99
1780	121
1781	136
1782	118
1783	127
1784	117
1785	136
1786	149
1787	124
1788	105
1789	117
1790	117
1791	125
1792	113
1793	131
1794	123
1795	112
1796	128
1797	115
1798	116
1799	111
1800	131
1801	123
1802	120
1803	115
1804	135
1805	101
1806	123
1807	128
1808	129
1809	119
1810	99
1811	108
1812	118
1813	111
1814	124
1815	140
1816	113
1817	115
1818	136
1819	116
1820	121
1821	124
1822	129
1823	113
1824	114
1825	118
1826	113
1827	112
1828	138
1829	128
1830	122
1831	133
1832	119
1833	114
1834	106
1835	118
1836	112
1837	123
1838	117
1839	111
1840	102
1841	104
1842	124
1843	122
1844	136
1845	109
1846	120
1847	110
1848	111
1849	116
1850	134
1851	147
1852	103
1853	122
1854	103
1855	137
1856	118
1857	122
1858	118
1859	104
1860	105
1861	124
1862	109
1863	118
1864	133
1865	132
1866	128
1867	128
1868	118
1869	115
1870	121
1871	113
1872	124
1873	116
1874	129
1875	134
1876	132
1877	109
1878	154
1879	127
1880	121
1881	131
1882	124
1883	112
1884	135
1885	129
1886	135
1887	119
1888	114
1889	114
1890	130
1891	127
1892	130
1893	124
1894	113
1895	131
1896	105
1897	108
1898	138
1899	116
1900	125
1901	147
1902	120
1903	126
1904	126
1905	122
1906	122
1907	108
1908	123
1909	114
1910	129
1911	132
1912	102
1913	111
1914	125
1915	113
1916	129
1917	122
1918	130
1919	118
1920	117
1921	127
1922	134
1923	128
1924	128
1925	118
1926	120
1927	95
1928	125
1929	152
1930	119
1931	122
1932	107
1933	107
1934	112
1935	115
1936	110
1937	108
1938	120
1939	111
1940	115
1941	109
1942	128
1943	114
1944	118
1945	94
1946	109
1947	122
1948	124
1949	110
1950	134
1951	106
1952	122
1953	121
1954	124
1955	113
1956	128
1957	119
1958	112
1959	96
1960	103
1961	116
1962	119
1963	118
1964	130
1965	104
1966	102
1967	114
1968	114
1969	103
1970	114
1971	94
1972	101
1973	90
1974	94
1975	100
1976	108
1977	109
1978	104
1979	100
1980	102
1981	103
1982	108
1983	95
1984	99
1985	105
1986	103
1987	97
1988	116
1989	100
1990	99
1991	87
1992	98
1993	85
1994	102
1995	102
1996	97
1997	114
1998	105
1999	91
2000	99
2001	105
2002	93
2003	99
2004	86
2005	100
2006	105
2007	135
2008	108
2009	120
2010	102
2011	101
2012	113
2013	99
2014	107
2015	91
2016	93
2017	94
2018	76
2019	101
2020	110
2021	98
2022	96
2023	97
2024	113
2025	96
2026	90
2027	91
2028	99
2029	99
2030	82
2031	88
2032	95
2033	91
2034	101
2035	91
2036	96
2037	98
2038	102
2039	97
2040	92
2041	104
2042	108
2043	111
2044	115
2045	99
2046	92
2047	103
2048	86
2049	106
2050	95
2051	90
2052	97
2053	81
2054	96
2055	88
2056	80
2057	116
2058	89
2059	91
2060	105
2061	105
2062	89
2063	89
2064	100
2065	83
2066	82
2067	81
2068	82
2069	85
2070	94
2071	110
2072	84
2073	92
2074	92
2075	101
2076	92
2077	81
2078	99
2079	76
2080	96
2081	104
2082	92
2083	95
2084	100
2085	96
2086	81
2087	88
2088	88
2089	75
2090	79
2091	92
2092	89
2093	90
2094	77
2095	86
2096	79
2097	97
2098	80
2099	108
2100	89
2101	81
2102	86
2103	99
2104	67
2105	87
2106	98
2107	84
2108	79
2109	80
2110	81
2111	85
2112	92
2113	94
2114	88
2115	74
2116	87
2117	80
2118	80
2119	83
2120	83
2121	94
2122	87
2123	86
2124	77
2125	100
2126	84
2127	80
2128	104
2129	94
2130	88
2131	98
2132	80
2133	91
2134	81
2135	80
2136	75
2137	71
2138	80
2139	80
2140	84
2141	91
2142	79
2143	81
2144	86
2145	86
2146	85
2147	76
2148	79
2149	77
2150	92
2151	83
2152	82
2153	94
2154	76
2155	86
2156	85
2157	65
2158	86
2159	61
2160	60
2161	77
2162	88
2163	58
2164	67
2165	71
2166	75
2167	86
2168	69
2169	66
2170	70
2171	72
2172	56
2173	66
2174	58
2175	77
2176	68
2177	57
2178	70
2179	56
2180	91
2181	81
2182	56
2183	64
2184	58
2185	68
2186	67
2187	62
2188	66
2189	65
2190	84
2191	58
2192	72
2193	76
2194	76
2195	85
2196	90
2197	72
2198	87
2199	77
2200	76
2201	76
2202	77
2203	77
2204	63
2205	73
2206	90
2207	72
2208	86
2209	66
2210	82
2211	68
2212	64
2213	80
2214	73
2215	89
2216	75
2217	65
2218	76
2219	59
2220	70
2221	61
2222	60
2223	68
2224	80
2225	50
2226	71
2227	61
2228	65
2229	80
2230	80
2231	73
2232	68
2233	72
2234	80
2235	76
2236	91
2237	62
2238	78
2239	76
2240	71
2241	64
2242	70
2243	74
2244	87
2245	81
2246	63
2247	74
2248	68
2249	90
2250	77
2251	77
2252	82
2253	77
2254	72
2255	77
2256	76
2257	77
2258	63
2259	55
2260	70
2261	76
2262	86
2263	66
2264	63
2265	70
2266	58
2267	71
2268	68
2269	56
2270	75
2271	77
2272	79
2273	84
2274	69
2275	66
2276	57
2277	65
2278	70
2279	80
2280	74
2281	73
2282	74
2283	76
2284	64
2285	74
2286	70
2287	64
2288	57
2289	62
2290	57
2291	74
2292	58
2293	57
2294	62
2295	66
2296	52
2297	68
2298	67
2299	63
2300	48
2301	55
2302	69
2303	64
2304	45
2305	65
2306	57
2307	57
2308	55
2309	70
2310	53
2311	69
2312	58
2313	75
2314	68
2315	72
2316	64
2317	62
2318	73
2319	53
2320	56
2321	62
2322	59
2323	66
2324	73
2325	49
2326	61
2327	47
2328	61
2329	46
2330	75
2331	71
2332	61
2333	60
2334	59
2335	68
2336	50
2337	74
2338	45
2339	48
2340	61
2341	54
2342	62
2343	51
2344	44
2345	55
2346	61
2347	52
2348	52
2349	62
2350	43
2351	56
2352	52
2353	56
2354	48
2355	55
2356	76
2357	49
2358	59
2359	51
2360	60
2361	52
2362	53
2363	66
2364	67
2365	53
2366	45
2367	48
2368	54
2369	56
2370	43
2371	48
2372	53
2373	57
2374	51
2375	55
2376	53
2377	65
2378	60
2379	67
2380	66
2381	50
2382	67
2383	63
2384	64
2385	63
2386	56
2387	70
2388	70
2389	66
2390	56
2391	71
2392	52
2393	68
2394	63
2395	65
2396	68
2397	63
2398	65
2399	66
2400	51
2401	66
2402	63
2403	66
2404	55
2405	59
2406	69
2407	52
2408	52
2409	67
2410	63
2411	64
2412	56
2413	61
2414	54
2415	70
2416	64
2417	53
2418	60
2419	63
2420	68
2421	50
2422	62
2423	40
2424	58
2425	58
2426	55
2427	44
2428	66
2429	53
2430	42
2431	61
2432	34
2433	61
2434	55
2435	42
2436	63
2437	66
2438	49
2439	53
2440	38
2441	43
2442	49
2443	57
2444	50
2445	66
2446	63
2447	46
2448	65
2449	47
2450	55
2451	50
2452	60
2453	49
2454	55
2455	52
2456	55
2457	62
2458	48
2459	51
2460	68
2461	53
2462	38
2463	59
2464	46
2465	38
2466	56
2467	49
2468	41
2469	53
2470	43
2471	40
2472	41
2473	41
2474	48
2475	63
2476	50
2477	46
2478	46
2479	48
2480	44
2481	50
2482	47
2483	46
2484	47
2485	47
2486	37
2487	52
2488	44
2489	55
2490	47
2491	50
2492	36
2493	45
2494	55
2495	35
2496	53
2497	40
2498	35
2499	55
2500	46
2501	44
2502	49
2503	38
2504	57
2505	35
2506	43
2507	47
2508	42
2509	46
2510	42
2511	48
2512	35
2513	59
2514	53
2515	60
2516	49
2517	54
2518	48
2519	37
2520	42
2521	62
2522	40
2523	46
2524	43
2525	50
2526	57
2527	62
2528	38
2529	42
2530	44
2531	29
2532	53
2533	37
2534	50
2535	47
2536	51
2537	48
2538	52
2539	55
2540	63
2541	44
2542	41
2543	59
2544	54
2545	44
2546	44
2547	62
2548	45
2549	54
2550	59
2551	60
2552	50
2553	47
2554	55
2555	50
2556	29
2557	53
2558	53
2559	51
2560	41
2561	43
2562	45
2563	41
2564	54
2565	38
2566	41
2567	47
2568	52
2569	63
2570	50
2571	39
2572	42
2573	45
2574	51
2575	38
2576	52
2577	38
2578	39
2579	41
2580	44
2581	36
2582	30
2583	42
2584	52
2585	44
2586	42
2587	49
2588	57
2589	36
2590	44
2591	46
2592	48
2593	49
2594	37
2595	47
2596	33
2597	35
2598	35
2599	35
2600	36
2601	40
2602	45
2603	32
2604	48
2605	44
2606	36
2607	47
2608	38
2609	41
2610	37
2611	35
2612	48
2613	47
2614	34
2615	40
2616	44
2617	31
2618	42
2619	43
2620	35
2621	41
2622	36
2623	30
2624	25
2625	33
2626	32
2627	46
2628	36
2629	30
2630	31
2631	34
2632	30
2633	34
2634	33
2635	36
2636	39
2637	33
2638	35
2639	41
2640	32
2641	38
2642	41
2643	35
2644	41
2645	29
2646	38
2647	32
2648	40
2649	40
2650	36
2651	30
2652	43
2653	39
2654	43
2655	33
2656	28
2657	43
2658	35
2659	37
2660	36
2661	33
2662	36
2663	39
2664	34
2665	44
2666	44
2667	39
2668	27
2669	29
2670	39
2671	23
2672	33
2673	40
2674	32
2675	38
2676	37
2677	37
2678	32
2679	33
2680	40
2681	27
2682	25
2683	30
2684	35
2685	33
2686	26
2687	33
2688	37
2689	21
2690	40
2691	38
2692	37
2693	31
2694	26
2695	44
2696	38
2697	39
2698	40
2699	38
2700	32
2701	37
2702	35
2703	39
2704	46
2705	33
2706	35
2707	34
2708	42
2709	38
2710	28
2711	40
2712	43
2713	38
2714	32
2715	39
2716	27
2717	38
2718	29
2719	39
2720	44
2721	32
2722	39
2723	28
2724	30
2725	34
2726	32
2727	32
2728	39
2729	40
2730	43
2731	38
2732	34
2733	22
2734	34
2735	46
2736	40
2737	35
2738	39
2739	40
2740	39
2741	36
2742	31
2743	31
2744	25
2745	30
2746	54
2747	40
2748	34
2749	35
2750	32
2751	37
2752	31
2753	25
2754	37
2755	25
2756	40
2757	37
2758	32
2759	30
2760	26
2761	27
2762	41
2763	23
2764	30
2765	42
2766	31
2767	38
2768	38
2769	46
2770	29
2771	41
2772	28
2773	40
2774	36
2775	30
2776	24
2777	35
2778	35
2779	26
2780	30
2781	23
2782	43
2783	28
2784	29
2785	28
2786	29
2787	38
2788	40
2789	38
2790	26
2791	32
2792	27
2793	21
2794	42
2795	27
2796	30
2797	29
2798	26
2799	30
2800	26
2801	32
2802	23
2803	33
2804	25
2805	27
2806	27
2807	29
2808	23
2809	28
2810	21
2811	22
2812	36
2813	37
2814	31
2815	36
2816	23
2817	21
2818	24
2819	38
2820	30
2821	31
2822	16
2823	27
2824	33
2825	30
2826	26
2827	23
2828	21
2829	22
2830	28
2831	27
2832	36
2833	32
2834	26
2835	23
2836	30
2837	23
2838	23
2839	15
2840	27
2841	15
2842	23
2843	25
2844	25
2845	21
2846	24
2847	21
2848	26
2849	28
2850	24
2851	16
2852	20
2853	15
2854	14
2855	17
2856	28
2857	18
2858	15
2859	24
2860	21
2861	21
2862	26
2863	25
2864	21
2865	20
2866	31
2867	27
2868	24
2869	20
2870	26
2871	28
2872	12
2873	29
2874	23
2875	23
2876	18
2877	15
2878	22
2879	31
2880	18
2881	26
2882	17
2883	22
2884	33
2885	23
2886	26
2887	25
2888	22
2889	24
2890	27
2891	17
2892	23
2893	22
2894	24
2895	22
2896	21
2897	18
2898	16
2899	19
2900	29
2901	22
2902	31
2903	34
2904	26
2905	22
2906	26
2907	22
2908	19
2909	23
2910	20
2911	20
2912	26
2913	28
2914	22
2915	31
2916	19
2917	24
2918	29
2919	22
2920	25
2921	29
2922	31
2923	22
2924	29
2925	20
2926	35
2927	24
2928	27
2929	33
2930	25
2931	25
2932	25
2933	27
2934	26
2935	30
2936	20
2937	23
2938	19
2939	22
2940	19
2941	19
2942	21
2943	17
2944	23
2945	19
2946	19
2947	14
2948	21
2949	15
2950	15
2951	20
2952	18
2953	15
2954	27
2955	27
2956	17
2957	29
2958	21
2959	22
2960	22
2961	19
2962	21
2963	23
2964	26
2965	17
2966	15
2967	17
2968	24
2969	18
2970	19
2971	18
2972	18
2973	20
2974	15
2975	18
2976	15
2977	22
2978	18
2979	18
2980	14
2981	21
2982	26
2983	18
2984	17
2985	21
2986	21
2987	23
2988	18
2989	12
2990	18
2991	19
2992	17
2993	23
2994	16
2995	21
2996	16
2997	26
2998	19
2999	22
3000	19
3001	17
3002	21
3003	22
3004	15
3005	25
3006	21
3007	23
3008	21
3009	18
3010	23
3011	16
3012	15
3013	18
3014	14
3015	20
3016	21
3017	21
3018	22
3019	27
3020	12
3021	21
3022	17
3023	13
3024	23
3025	12
3026	25
3027	15
3028	15
3029	9
3030	15
3031	10
3032	18
3033	14
3034	15
3035	18
3036	17
3037	11
3038	14
3039	21
3040	16
3041	22
3042	15
3043	17
3044	7
3045	8
3046	15
3047	17
3048	9
3049	12
3050	14
3051	12
3052	20
3053	16
3054	10
3055	18
3056	16
3057	11
3058	14
3059	14
3060	16
3061	17
3062	14
3063	15
3064	21
3065	17
3066	21
3067	26
3068	16
3069	15
3070	17
3071	13
3072	13
3073	18
3074	20
3075	14
3076	11
3077	10
3078	17
3079	20
3080	12
3081	10
3082	18
3083	13
3084	15
3085	16
3086	14
3087	8
3088	15
3089	11
3090	7
3091	9
3092	19
3093	9
3094	16
3095	14
3096	18
3097	10
3098	10
3099	13
3100	6
3101	8
3102	13
3103	13
3104	19
3105	10
3106	10
3107	12
3108	9
3109	14
3110	10
3111	12
3112	13
3113	15
3114	10
3115	12
3116	11
3117	9
3118	11
3119	21
3120	18
3121	8
3122	14
3123	12
3124	17
3125	9
3126	12
3127	12
3128	11
3129	12
3130	14
3131	16
3132	9
3133	19
3134	13
3135	13
3136	25
3137	12
3138	12
3139	12
3140	10
3141	7
3142	15
3143	13
3144	9
3145	9
3146	12
3147	13
3148	14
3149	13
3150	12
3151	14
3152	14
3153	12
3154	9
3155	11
3156	8
3157	13
3158	9
3159	11
3160	13
3161	14
3162	15
3163	17
3164	18
3165	8
3166	12
3167	14
3168	15
3169	14
3170	17
3171	15
3172	15
3173	17
3174	17
3175	8
3176	12
3177	2
3178	15
3179	12
3180	15
3181	12
3182	12
3183	11
3184	10
3185	16
3186	13
3187	11
3188	9
3189	10
3190	11
3191	13
3192	9
3193	10
3194	7
3195	7
3196	9
3197	8
3198	12
3199	9
3200	10
3201	9
3202	7
3203	10
3204	9
3205	11
3206	6
3207	5
3208	9
3209	7
3210	7
3211	9
3212	12
3213	8
3214	13
3215	6
3216	8
3217	9
3218	7
3219	7
3220	9
3221	12
3222	4
3223	5
3224	3
3225	8
3226	9
3227	10
3228	3
3229	5
3230	12
3231	7
3232	5
3233	4
3234	5
3235	5
3236	4
3237	9
3238	6
3239	5
3240	7
3241	8
3242	2
3243	8
3244	7
3245	8
3246	10
3247	11
3248	8
3249	6
3250	5
3251	8
3252	4
3253	3
3254	11
3255	2
3256	9
3257	7
3258	5
3259	7
3260	7
3261	4
3262	6
3263	8
3264	9
3265	9
3266	8
3267	9
3268	9
3269	8
3270	15
3271	6
3272	9
3273	11
3274	8
3275	11
3276	9
3277	7
3278	13
3279	10
3280	9
3281	13
3282	16
3283	8
3284	9
3285	9
3286	8
3287	4
3288	7
3289	5
3290	11
3291	8
3292	12
3293	11
3294	15
3295	12
3296	9
3297	5
3298	10
3299	14
3300	6
3301	6
3302	10
3303	8
3304	5
3305	8
3306	7
3307	4
3308	7
3309	8
3310	7
3311	3
3312	5
3313	11
3314	7
3315	7
3316	8
3317	9
3318	8
3319	6
3320	10
3321	4
3322	5
3323	10
3324	10
3325	14
3326	4
3327	4
3328	7
3329	8
3330	3
3331	4
3332	1
3333	11
3334	4
3335	8
3336	5
3337	6
3338	7
3339	6
3340	4
3341	8
3342	5
3343	3
3344	11
3345	7
3346	6
3347	6
3348	7
3349	4
3350	4
3351	6
3352	8
3353	9
3354	9
3355	4
3356	5
3357	8
3358	4
3359	7
3360	8
3361	7
3362	5
3363	5
3364	4
3365	4
3366	5
3367	8
3368	1
3369	3
3370	9
3371	2
3372	3
3373	1
3374	3
3375	10
3376	6
3377	3
3378	9
3379	5
3380	6
3381	5
3382	4
3383	1
3384	3
3385	2
3386	8
3387	4
3388	7
3389	10
3390	6
3391	5
3392	6
3393	4
3394	3
3395	3
3396	6
3397	4
3398	3
3399	1
3400	3
3401	4
3402	6
3403	6
3404	8
3405	3
3406	4
3407	8
3408	3
3409	9
3410	5
3411	4
3412	7
3413	5
3414	4
3415	4
3416	3
3417	3
3418	6
3419	2
3420	3
3421	6
3422	4
3423	8
3424	1
3425	0
3426	4
3427	5
3428	3
3429	2
3430	3
3431	5
3432	5
3433	3
3434	4
3435	6
3436	3
3437	5
3438	3
3439	2
3440	3
3441	4
3442	0
3443	3
3444	6
3445	6
3446	3
3447	6
3448	3
3449	10
3450	7
3451	3
3452	2
3453	6
3454	2
3455	2
3456	1
3457	3
3458	7
3459	8
3460	2
3461	2
3462	7
3463	2
3464	4
3465	5
3466	5
3467	4
3468	5
3469	4
3470	3
3471	4
3472	7
3473	4
3474	4
3475	8
3476	6
3477	3
3478	7
3479	3
3480	3
3481	4
3482	8
3483	5
3484	5
3485	1
3486	1
3487	6
3488	4
3489	3
3490	1
3491	2
3492	3
3493	2
3494	3
3495	5
3496	0
3497	5
3498	4
3499	5
3500	3
3501	1
3502	3
3503	4
3504	5
3505	3
3506	2
3507	1
3508	7
3509	2
3510	4
3511	2
3512	1
3513	3
3514	5
3515	2
3516	1
3517	2
3518	3
3519	1
3520	2
3521	5
3522	6
3523	6
3524	4
3525	4
3526	4
3527	6
3528	2
3529	2
3530	4
3531	5
3532	7
3533	4
3534	1
3535	5
3536	2
3537	1
3538	1
3539	2
3540	4
3541	3
3542	3
3543	1
3544	4
3545	3
3546	8
3547	4
3548	6
3549	1
3550	1
3551	3
3552	2
3553	2
3554	2
3555	6
3556	3
3557	3
3558	3
3559	4
3560	4
3561	2
3562	4
3563	2
3564	3
3565	2
3566	1
3567	1
3568	3
3569	1
3570	2
3571	3
3572	2
3573	2
3574	1
3575	0
3576	2
3577	1
3578	2
3579	2
3580	2
3581	0
3582	3
3583	0
3584	2
3585	0
3586	1
3587	2
3588	1
3589	2
3590	4
3591	5
3592	4
3593	2
3594	3
3595	1
3596	2
3597	1
3598	0
3599	2
3600	0
3601	2
3602	3
3603	2
3604	2
3605	2
3606	3
3607	0
3608	1
3609	3
3610	2
3611	1
3612	2
3613	4
3614	1
3615	0
3616	5
3617	3
3618	2
3619	1
3620	4
3621	3
3622	4
3623	3
3624	2
3625	3
3626	1
3627	1
3628	3
3629	0
3630	1
3631	3
3632	2
3633	2
3634	2
3635	2
3636	0
3637	2
3638	5
3639	6
3640	2
3641	4
3642	1
3643	2
3644	4
3645	2
3646	3
3647	0
3648	2
3649	4
3650	4
3651	0
3652	4
3653	3
3654	4
3655	0
3656	6
3657	0
3658	3
3659	1
3660	4
3661	5
3662	2
3663	1
3664	3
3665	0
3666	0
3667	4
3668	1
3669	5
3670	1
3671	0
3672	1
3673	3
3674	5
3675	2
3676	2
3677	5
3678	5
3679	3
3680	1
3681	2
3682	4
3683	5
3684	0
3685	3
3686	2
3687	2
3688	1
3689	2
3690	2
3691	2
3692	5
3693	1
3694	1
3695	2
3696	2
3697	2
3698	0
3699	1
3700	0
3701	3
3702	1
3703	1
3704	2
3705	0
3706	1
3707	1
3708	2
3709	1
3710	2
3711	3
3712	2
3713	1
3714	1
3715	4
3716	1
3717	3
3718	3
3719	2
3720	2
3721	4
3722	1
3723	0
3724	2
3725	0
3726	3
3727	1
3728	5
3729	2
3730	4
3731	2
3732	3
3733	3
3734	1
3735	0
3736	3
3737	2
3738	1
3739	3
3740	1
3741	1
3742	1
3743	1
3744	0
3745	0
3746	1
3747	1
3748	3
3749	1
3750	2
3751	2
3752	1
3753	2
3754	0
3755	2
3756	1
3757	1
3758	0
3759	2
3760	0
3761	2
3762	1
3763	1
3764	2
3765	0
3766	2
3767	5
3768	1
3769	3
3770	2
3771	4
3772	1
3773	2
3774	0
3775	2
3776	1
3777	2
3778	2
3779	0
3780	1
3781	1
3782	1
3783	0
3784	3
3785	0
3786	3
3787	0
3788	3
3789	0
3790	0
3791	3
3792	1
3793	1
3794	1
3795	2
3796	0
3797	1
3798	1
3799	1
3800	2
3801	0
3802	2
3803	1
3804	3
3805	0
3806	0
3807	2
3808	1
3809	2
3810	0
3811	3
3812	2
3813	0
3814	2
3815	1
3816	1
3817	2
3818	1
3819	1
3820	2
3821	1
3822	2
3823	0
3824	1
3825	4
3826	1
3827	2
3828	1
3829	3
3830	2
3831	0
3832	1
3833	1
3834	1
3835	2
3836	0
3837	1
3838	1
3839	0
3840	1
3841	0
3842	0
3843	0
3844	3
3845	2
3846	1
3847	0
3848	0
3849	0
3850	1
3851	0
3852	0
3853	0
3854	0
3855	2
3856	0
3857	1
3858	0
3859	0
3860	0
3861	3
3862	1
3863	0
3864	1
3865	0
3866	1
3867	4
3868	1
3869	1
3870	1
3871	0
3872	0
3873	2
3874	2
3875	0
3876	1
3877	1
3878	3
3879	1
3880	4
3881	2
3882	1
3883	1
3884	1
3885	0
3886	0
3887	3
3888	0
3889	0
3890	2
3891	0
3892	3
3893	2
3894	1
3895	2
3896	1
3897	0
3898	2
3899	3
3900	1
3901	2
3902	3
3903	1
3904	2
3905	2
3906	1
3907	0
3908	0
3909	0
3910	0
3911	1
3912	0
3913	1
3914	0
3915	0
3916	0
3917	1
3918	1
3919	0
3920	0
3921	0
3922	2
3923	0
3924	1
3925	2
3926	2
3927	0
3928	3
3929	1
3930	1
3931	3
3932	0
3933	1
3934	0
3935	1
3936	0
3937	0
3938	1
3939	1
3940	0
3941	0
3942	1
3943	2
3944	0
3945	0
3946	0
3947	0
3948	0
3949	0
3950	1
3951	1
3952	1
3953	0
3954	0
3955	1
3956	0
3957	0
3958	1
3959	0
3960	0
3961	0
3962	0
3963	0
3964	1
3965	0
3966	1
3967	2
3968	0
3969	1
3970	0
3971	1
3972	1
3973	0
3974	1
3975	0
3976	0
3977	0
3978	0
3979	0
3980	1
3981	0
3982	0
3983	0
3984	0
3985	1
3986	0
3987	0
3988	0
3989	0
3990	0
3991	0
3992	2
3993	0
3994	1
3995	0
3996	0
3997	0
3998	0
3999	0
4000	1
4001	1
4002	0
4003	0
4004	0
4005	1
4006	0
4007	0
4008	0
4009	0
4010	0
4011	2
4012	0
4013	1
4014	0
4015	0
4016	0
4017	0
4018	0
4019	0
4020	0
4021	1
4022	1
4023	0
4024	0
4025	1
4026	0
4027	0
4028	0
4029	3
4030	1
4031	2
4032	0
4033	0
4034	2
4035	0
4036	0
4037	0
4038	1
4039	0
4040	2
4041	0
4042	1
4043	1
4044	0
4045	0
4046	0
4047	3
4048	0
4049	0
4050	1
4051	2
4052	5
4053	1
4054	1
4055	0
4056	1
4057	0
4058	2
4059	0
4060	3
4061	1
4062	1
4063	0
4064	0
4065	4
4066	1
4067	2
4068	1
4069	1
4070	0
4071	0
4072	2
4073	1
4074	2
4075	1
4076	0
4077	1
4078	1
4079	0
4080	1
4081	1
4082	0
4083	1
4084	0
4085	0
4086	0
4087	1
4088	0
4089	1
4090	0
4091	0
4092	0
4093	1
4094	1
4095	0
4096	1
4097	0
4098	1
4099	0
4100	0
4101	0
4102	0
4103	0
4104	0
4105	1
4106	0
4107	0
4108	2
4109	0
4110	1
4111	0
4112	0
4113	0
4114	1
4115	1
4116	0
4117	1
4118	0
4119	1
4120	0
4121	0
4122	0
4123	0
4124	0
4125	0
4126	0
4127	0
4128	1
4129	1
4130	0
4131	0
4132	0
4133	0
4134	0
4135	0
4136	0
4137	0
4138	0
4139	0
4140	1
4141	0
4142	0
4143	0
4144	1
4145	0
4146	0
4147	0
4148	0
4149	0
4150	1
4151	0
4152	0
4153	0
4154	0
4155	2
4156	1
4157	0
4158	1
4159	1
4160	0
4161	1
4162	1
4163	0
4164	1
4165	1
4166	0
4167	0
4168	0
4169	1
4170	0
4171	0
4172	0
4173	0
4174	0
4175	0
4176	0
4177	0
4178	1
4179	1
4180	0
4181	0
4182	0
4183	0
4184	1
4185	0
4186	0
4187	1
4188	0
4189	0
4190	2
4191	1
4192	0
4193	0
4194	0
4195	0
4196	0
4197	0
4198	0
4199	0
4200	1
4201	0
4202	1
4203	1
4204	1
4205	0
4206	0
4207	0
4208	1
4209	0
4210	0
4211	1
4212	0
4213	0
4214	0
4215	0
4216	0
4217	0
4218	0
4219	0
4220	0
4221	0
4222	1
4223	0
4224	0
4225	1
4226	2
4227	0
4228	0
4229	0
4230	0
4231	0
4232	0
4233	0
4234	0
4235	0
4236	0
4237	0
4238	1
4239	1
4240	1
4241	1
4242	0
4243	1
4244	0
4245	0
4246	0
4247	0
4248	0
4249	1
4250	0
4251	0
4252	1
4253	0
4254	0
4255	1
4256	0
4257	0
4258	0
4259	0
4260	1
4261	0
4262	2
4263	1
4264	0
4265	2
4266	0
4267	0
4268	0
4269	0
4270	0
4271	0
4272	0
4273	1
4274	0
4275	0
4276	1
4277	0
4278	0
4279	0
4280	1
4281	1
4282	2
4283	0
4284	0
4285	0
4286	0
4287	0
4288	0
4289	0
4290	0
4291	1
4292	1
4293	0
4294	1
4295	2
4296	0
4297	0
4298	1
4299	0
4300	0
4301	0
4302	0
4303	0
4304	0
4305	0
4306	0
4307	1
4308	0
4309	0
4310	1
4311	1
4312	0
4313	0
4314	0
4315	0
4316	0
4317	0
4318	0
4319	1
4320	0
4321	0
4322	1
4323	0
4324	0
4325	0
4326	1
4327	1
4328	0
4329	1
4330	0
4331	1
4332	0
4333	0
4334	0
4335	1
4336	2
4337	0
4338	0
4339	0
4340	0
4341	1
4342	0
4343	0
4344	0
4345	1
4346	1
4347	0
4348	0
4349	0
4350	1
4351	1
4352	1
4353	1
4354	0
4355	0
4356	0
4357	0
4358	0
4359	1
4360	1
4361	1
4362	1
4363	0
4364	2
4365	1
4366	0
4367	0
4368	0
4369	0
4370	0
4371	0
4372	0
4373	0
4374	0
4375	1
4376	0
4377	0
4378	0
4379	1
4380	0
4381	0
4382	1
4383	0
4384	1
4385	0
4386	0
4387	0
4388	2
4389	0
4390	0
4391	0
4392	0
4393	0
4394	0
4395	1
4396	0
4397	0
4398	0
4399	1
4400	0
4401	0
4402	0
4403	1
4404	0
4405	0
4406	1
4407	1
4408	0
4409	0
4410	0
4411	0
4412	0
4413	2
4414	1
4415	1
4416	0
4417	1
4418	1
4419	0
4420	1
4421	0
4422	0
4423	0
4424	1
4425	1
4426	0
4427	2
4428	1
4429	0
4430	0
4431	0
4432	0
4433	0
4434	2
4435	0
4436	1
4437	0
4438	1
4439	0
4440	0
4441	0
4442	0
4443	1
4444	0
4445	0
4446	1
4447	1
4448	0
4449	0
4450	0
4451	1
4452	1
4453	0
4454	1
4455	0
4456	0
4457	0
4458	1
4459	1
4460	0
4461	0
4462	1
4463	1
4464	0
4465	0
4466	2
4467	0
4468	0
4469	0
4470	0
4471	0
4472	0
4473	1
4474	0
4475	2
4476	0
4477	0
4478	0
4479	1
4480	0
4481	1
4482	0
4483	0
4484	0
4485	0
4486	2
4487	1
4488	0
4489	0
4490	0
4491	0
4492	0
4493	1
4494	0
4495	0
4496	0
4497	0
4498	0
4499	0
4500	0
4501	0
4502	0
4503	0
4504	1
4505	0
4506	1
4507	1
4508	0
4509	0
4510	0
4511	1
4512	0
4513	1
4514	0
4515	0
4516	0
4517	1
4518	0
4519	0
4520	1
4521	0
4522	1
4523	1
4524	1
4525	0
4526	0
4527	0
4528	0
4529	0
4530	1
4531	0
4532	0
4533	0
4534	0
4535	0
4536	1
4537	0
4538	0
4539	0
4540	0
4541	0
4542	1
4543	1
4544	0
4545	0
4546	0
4547	0
4548	0
4549	0
4550	1
4551	0
4552	1
4553	1
4554	0
4555	0
4556	0
4557	0
4558	0
4559	0
4560	0
4561	0
4562	1
4563	0
4564	0
4565	0
4566	0
4567	0
4568	0
4569	3
4570	1
4571	0
4572	1
4573	0
4574	0
4575	0
4576	0
4577	0
4578	0
4579	0
4580	1
4581	2
4582	0
4583	1
4584	0
4585	0
4586	0
4587	0
4588	0
4589	0
4590	0
4591	0
4592	1
4593	0
4594	1
4595	0
4596	0
4597	0
4598	0
4599	0
4600	0
4601	0
4602	0
4603	0
4604	0
4605	0
4606	0
4607	0
4608	0
4609	0
4610	0
4611	0
4612	0
4613	0
4614	0
4615	0
4616	1
4617	0
4618	0
4619	0
4620	2
4621	0
4622	0
4623	0
4624	0
4625	0
4626	0
4627	0
4628	0
4629	0
4630	0
4631	1
4632	0
4633	0
4634	0
4635	0
4636	0
4637	0
4638	0
4639	2
4640	0
4641	0
4642	0
4643	0
4644	0
4645	0
4646	0
4647	0
4648	0
4649	0
4650	1
4651	0
4652	0
4653	0
4654	0
4655	0
4656	0
4657	0
4658	0
4659	0
4660	0
4661	1
4662	0
4663	0
4664	0
4665	0
4666	0
4667	0
4668	0
4669	0
4670	0
4671	0
4672	0
4673	0
4674	0
4675	0
4676	0
4677	0
4678	0
4679	0
4680	0
4681	0
4682	0
4683	0
4684	0
4685	0
4686	0
4687	0
4688	0
4689	0
4690	0
4691	0
4692	0
4693	0
4694	0
4695	0
4696	0
4697	0
4698	0
4699	0
4700	0
4701	0
4702	0
4703	0
4704	0
4705	0
4706	0
4707	0
4708	0
4709	0
4710	0
4711	0
4712	0
4713	0
4714	0
4715	0
4716	0
4717	0
4718	0
4719	0
4720	1
