ks_quality_p_value	fisher_strand_p_value	bias_p_value	bias_e_value
1	4.90028e-18	2.00212e-16	3.38164e-11
1	7.14998e-18	2.89427e-16	4.88851e-11
1	1.70085e-40	1.57452e-38	2.65941e-33
1	0.693409	0.947291	160000
1	0.646273	0.928393	156808
1	0.863765	0.990267	167259
1	1	1	168903
1	0.310668	0.673848	113815
1	0.250982	0.597933	100993
1	2.74143e-09	5.67882e-08	0.00959169
1	0.132738	0.400786	67694
1	1	1	168903
1	1	1	168903
0.964172	0.627181	0.908883	153513
1	0.252191	0.599602	101275
0.738299	0.660363	0.837784	141504
1	0.0619836	0.234353	39582.9
0.839133	1	0.986305	166590
0.934729	1	0.997822	168535
1	1	1	168903
1	1	1	168903
0.92942	0.635612	0.901699	152300
1	1	1	168903
1	1	1	168903
1	1	1	168903
1	0.330887	0.69684	117698
1	0.674873	0.940254	158812
1	0.499557	0.846267	142937
0.974385	0.403503	0.760197	128400
1	0.507456	0.851686	143852
1	0.452864	0.811606	137083
1	1.02773e-07	1.75647e-06	0.296673
1	1	1	168903
1	1	1	168903
0.80551	2.89582e-10	5.40673e-09	0.000913213
1	5.24962e-11	1.29509e-09	0.000218745
1	2.48004e-12	6.87535e-11	1.16127e-05
1	2.30317e-11	5.87175e-10	9.91755e-05
1	1.20264e-10	2.86725e-09	0.000484288
1	6.91046e-10	1.52671e-08	0.00257867
0.0254961	1.23471e-09	7.92729e-10	0.000133894
1	1	1	168903
1	0.805091	0.979635	165463
1	0.0325913	0.144175	24351.5
1	0.000700618	0.00578959	977.879
1	0.160402	0.45395	76673.5
1	0.00997492	0.0559362	9447.79
1	1.13599e-05	0.000140697	23.7642
1	2.44289e-07	3.96357e-06	0.669459
0.900213	0.699939	0.921126	155581
0.846696	0.787884	0.937152	158288
1	0.728299	0.959202	162012
1	1	1	168903
1	0.0186088	0.0927486	15665.5
1	0.531638	0.867523	146527
1	3.16961e-08	5.78995e-07	0.097794
1	1.60224e-08	3.03613e-07	0.0512811
1	0.386152	0.753585	127283
1	0.217614	0.549482	92809.1
0.870126	0.170298	0.431106	72815.1
0.998338	0.0314075	0.139919	23632.8
1	0.675627	0.94055	158862
0.511675	0.0689103	0.153204	25876.6
1	0.452672	0.811454	137057
1	0.843577	0.987073	166720
1	1	1	168903
1	6.56568e-06	8.49182e-05	14.3429
1	0.0305952	0.137278	23186.7
1	0.000448295	0.00390468	659.512
1	1.49143e-06	2.15001e-05	3.63143
1	0.543218	0.874714	147742
1	0.00533038	0.0332313	5612.87
1	0.0101004	0.0565137	9545.33
1	1.70278e-15	5.96085e-14	1.00681e-08
1	4.57703e-14	1.45161e-12	2.45181e-07
1	1	1	168903
1	4.2831e-10	9.66746e-09	0.00163286
1	2.68051e-09	5.55864e-08	0.00938871
0.066879	1	0.247778	41850.5
1	1	1	168903
1	0.0594922	0.227374	38404.1
1	0.00164147	0.0121669	2055.02
1	2.28226e-05	0.000266745	45.0541
0.261887	1.02084e-10	6.77586e-10	0.000114446
0.785517	0.00133317	0.00823287	1390.56
1	0.0123992	0.0668331	11288.3
0.96223	0.000657398	0.00529189	893.816
1	0.11258	0.358465	60545.8
1	0.115057	0.363848	61455
1	0.0339787	0.148896	25148.9
1	1.04341e-17	4.18424e-16	7.06731e-11
1	7.42158e-16	2.65967e-14	4.49226e-09
1	3.99961e-22	2.01063e-20	3.39602e-15
1	1.17494e-10	2.80396e-09	0.000473597
1	1.27929e-14	4.22035e-13	7.1283e-08
1	2.7936e-11	7.06812e-10	0.000119383
1	0.00385989	0.0253098	4274.89
1	0.0185262	0.0924191	15609.9
1	0.068732	0.252765	42692.7
0.72185	0.684909	0.842662	142328
1	0.687627	0.945149	159639
1	0.318069	0.682413	115262
1	0.346922	0.714193	120629
1	0.297408	0.65806	111148
1	1	1	168903
1	3.83169e-07	6.04441e-06	1.02092
0.585284	1	0.898796	151809
1	5.98726e-08	1.05562e-06	0.178297
1	6.753e-13	1.95996e-11	3.31044e-06
0.942098	1	0.99829	168614
0.782967	0.311482	0.588014	99317.4
0.711058	0.44412	0.6798	114820
0.169879	0.44397	0.27036	45664.7
0.0807385	0.45468	0.158026	26691.1
1	0.704821	0.951375	160690
0.491175	0.607557	0.659281	111355
1	1	1	168903
1	0.065026	0.24274	40999.5
1	0.381703	0.749326	126563
1	0.422269	0.786312	132810
1	0.668971	0.937907	158415
0.995328	0.690357	0.944964	159607
1	0.0219603	0.105816	17872.6
1	0.000783711	0.00638839	1079.02
1	0.00396416	0.0258878	4372.53
0.949221	0.0219603	0.101529	17148.6
1	0.411625	0.777	131238
1	0.0191387	0.0948524	16020.9
1	0.0904495	0.307796	51987.7
1	6.79839e-09	1.34653e-07	0.0227433
1	4.52173e-12	1.22639e-10	2.07141e-05
0.796955	0.417578	0.698941	118053
1	1	1	168903
1	1	1	168903
1	1	1	168903
1	0.482904	0.834428	140937
1	8.91027e-09	1.74072e-07	0.0294012
1	0.626454	0.919434	155295
0.8095	1	0.980579	165623
1	1	1	168903
1	0.0798393	0.281652	47571.9
1	0.302502	0.664194	112184
1	0.0881811	0.302317	51062.2
1	0.561661	0.885659	149590
1	0.561148	0.885363	149540
1	0.350437	0.717896	121255
1	9.54049e-22	4.71313e-20	7.96062e-15
1	4.64952e-45	4.79271e-43	8.09502000000000e-38
1	1.90007e-35	1.53808e-33	2.59786e-28
1	1.1062e-13	3.41071e-12	5.7608e-07
1	4.97197e-36	4.09139e-34	6.91049e-29
0.23138	0.0152789	0.0234915	3967.79
0.992843	0.00919267	0.0519916	8781.53
1	0.0112212	0.0616039	10405.1
0.971297	0.0153173	0.0774814	13086.8
1	7.57271e-11	1.84046e-09	0.00031086
1	2.59506e-13	7.77998e-12	1.31406e-06
1	1.16156e-08	2.23844e-07	0.0378079
1	8.08295000000000e-25	4.56484e-23	7.71015e-18
1	9.23893000000000e-27	5.63079e-25	9.51057000000000e-20
1	1.09058e-14	3.61523e-13	6.10622e-08
1	1.10456e-08	2.13414e-07	0.0360463
1	0.403801	0.769981	130052
1	0.0559138	0.217166	36680
1	0.172297	0.475287	80277.3
1	6.57109e-17	2.51418e-15	4.24653e-10
1	4.59341e-06	6.10506e-05	10.3116
1	4.78104e-19	2.06467e-17	3.48729e-12
1	9.10763e-15	3.03554e-13	5.12712e-08
1	2.1225e-13	6.40593e-12	1.08198e-06
1	5.41614e-10	1.20977e-08	0.00204334
1	0.000133142	0.00132132	223.174
1	0.876885	0.99209	167567
1	1.17014e-08	2.2541e-07	0.0380725
1	0.423496	0.787369	132989
1	6.42642000000000e-49	7.19542000000000e-47	1.21533e-41
1	3.54654e-08	6.43864e-07	0.108751
1	0.00679391	0.0407073	6875.58
1	0.194888	0.513595	86747.7
1	6.4987e-11	1.58938e-09	0.00026845
1	1.47908e-15	5.19857e-14	8.78053e-09
1	1.58306e-25	9.19841e-24	1.55364e-18
1	5.54410000000000e-42	5.32211e-40	8.98920000000000e-35
1	3.42205e-51	4.0107e-49	6.77419000000000e-44
1	9.26518e-06	0.000116642	19.7011
1	2.59883e-26	1.55701e-24	2.62984e-19
1	6.40326e-22	3.18883e-20	5.38603e-15
0.121022	0.472457	0.220797	37293.3
1	0.0619765	0.234333	39579.6
1	6.30303e-07	9.62918e-06	1.6264
1	8.8478e-14	2.74777e-12	4.64107e-07
1	0.0970198	0.323351	54615
1	0.579571	0.895708	151288
1	0.309605	0.672604	113605
1	0.101654	0.334053	56422.5
1	1	1	168903
1	0.172802	0.476176	80427.5
0.573879	1	0.892575	150759
0.0047002	0.101251	0.00411666	695.316
0.35418	0.185369	0.244453	41288.9
1	0.747484	0.965033	162997
1	0.488195	0.83825	141583
0.776121	0.0463266	0.155523	26268.3
0.959306	0.873694	0.986131	166560
0.842849	0.740936	0.918516	155140
1	0.698332	0.949075	160302
0.959765	0.75268	0.957306	161692
1	1.75881e-21	8.58115000000000e-20	1.44938e-14
1	6.68231e-14	2.09402e-12	3.53686e-07
1	1.65084e-11	4.26365e-10	7.20144e-05
0.969389	0.490972	0.82931	140073
1	0.6884	0.945438	159687
0.141155	0.195221	0.126526	21370.6
1	0.16167	0.456265	77064.6
1	0.576505	0.894027	151004
1	1.0156e-08	1.97079e-07	0.0332872
1	6.869e-19	2.94145e-17	4.9682e-12
1	8.28505e-16	2.95999e-14	4.99951e-09
1	0.126027	0.387061	65375.7
1	0.000857137	0.00691017	1167.15
1	1.66967e-08	3.15702e-07	0.0533229
1	0.125415	0.385793	65161.6
1	0.736739	0.961829	162456
1	0.413032	0.778247	131448
1	1	1	168903
1	4.46666e-05	0.00049206	83.1104
1	0.0628985	0.23689	40011.5
1	0.236938	0.578119	97646
1	0.248459	0.594433	100401
1	0.0020157	0.0145267	2453.61
0.613522	0.000350343	0.00203017	342.901
1	0.000228835	0.00214705	362.643
1	9.81795e-05	0.00100425	169.621
1	0.0621461	0.234805	39659.2
1	9.14022e-08	1.57285e-06	0.265659
1	1	1	168903
1	0.252297	0.599747	101299
1	0.199106	0.520447	87905
1	1.59452e-15	5.59232e-14	9.4456e-09
1	5.26925e-26	3.11968e-24	5.26923e-19
1	1.95458e-15	6.81535e-14	1.15113e-08
1	6.28205e-09	1.24922e-07	0.0210997
1	1.6606e-23	8.87629000000000e-22	1.49923e-16
1	0.000929373	0.00741733	1252.81
1	0.903615	0.995198	168092
1	2.33493e-16	8.63769e-15	1.45893e-09
1	0.00113357	0.0088219	1490.04
1	1.73014e-27	1.08344e-25	1.82996e-20
1	2.16587e-12	6.03372e-11	1.01911e-05
1	3.76093e-11	9.40375e-10	0.000158832
1	7.17119e-10	1.58166e-08	0.00267147
1	1.68414e-14	5.50966e-13	9.30599e-08
1	3.0062e-07	4.81516e-06	0.813295
1	1.05744e-06	1.56074e-05	2.63614
1	6.98837e-13	2.02588e-11	3.42178e-06
1	0.890557	0.99378	167852
1	2.72102e-15	9.39779e-14	1.58732e-08
1	6.54715e-16	2.35451e-14	3.97683e-09
1	0.0948318	0.318222	53748.7
1	2.21187e-12	6.15723e-11	1.03997e-05
1	0.000234192	0.00219189	370.217
1	8.31284e-16	2.96964e-14	5.01581e-09
1	0.000202718	0.00192657	325.403
1	1.55983e-13	4.75578e-12	8.03266e-07
1	3.66827e-14	1.17152e-12	1.97873e-07
1	0.898282	0.994642	167998
1	3.52094e-05	0.000396254	66.9285
1	0.00508953	0.0319651	5399.01
1	1.24585e-08	2.39214e-07	0.0404039
1	0.695761	0.948148	160145
1	0.592439	0.902585	152449
1	5.09576e-23	2.66667e-21	4.50408e-16
1	0.0523364	0.206732	34917.7
1	0.906263	0.995463	168137
1	0.885282	0.993153	167746
1	0.320084	0.684715	115650
1	0.183113	0.493974	83433.8
1	1	1	168903
1	1	1	168903
0.976498	0.632345	0.915174	154576
1	0.458558	0.816081	137839
1	0.378289	0.746023	126005
1	0.184868	0.496945	83935.6
1	0.344215	0.711316	120143
1	0.666544	0.936927	158250
1	0.809314	0.980539	165616
0.840212	1	0.986494	166622
0.837468	0.142257	0.372596	62932.6
1	0.389867	0.757102	127877
1	0.464629	0.820774	138631
1	0.443812	0.804345	135856
1	1	1	168903
0.897454	0.017676	0.0815974	13782
1	0.564515	0.887298	149867
1	0.811919	0.981086	165708
1	0.125125	0.38519	65059.8
1	0.275346	0.630467	106488
1	0.61995	0.916358	154776
1	4.31174e-05	0.000476516	80.4849
1	1	1	168903
1	0.344843	0.711985	120256
1	0.487853	0.838005	141542
1	0.0611075	0.23191	39170.4
1	1	1	168903
0.691919	8.85266e-05	0.00065544	110.706
1	0.2085	0.53539	90429
1	0.00500488	0.0315174	5323.39
1	0.00319852	0.0215742	3643.95
1	0.444531	0.804928	135955
1	0.452673	0.811455	137057
1	0.209472	0.536911	90685.9
1	0.142579	0.420303	70990.4
0.921761	0.726261	0.938095	158447
1	0.21843	0.550725	93019.1
1	0.124832	0.384581	64956.8
0.994687	1	0.999986	168901
0.91369	1	0.996163	168255
1	0.343058	0.71008	119935
1	0.356026	0.723712	122237
1	0.0037229	0.024546	4145.9
1	0.0102338	0.0571258	9648.72
1	0.340968	0.707838	119556
1	0.286841	0.645055	108952
0.920472	0.675525	0.917241	154925
1	0.754559	0.967059	163339
0.981358	1	0.999825	168873
0.989283	1	0.999942	168893
1	1.29416e-11	3.37396e-10	5.69871e-05
1	5.09199e-14	1.6095e-12	2.7185e-07
1	0.0123146	0.0664614	11225.5
1	3.021e-19	1.31847e-17	2.22694e-12
1	4.79244e-35	3.83508e-33	6.47756e-28
1	1.08045e-06	1.59238e-05	2.68958
1	1.74712e-19	7.72074e-18	1.30406e-12
1	0.000470102	0.00407229	687.822
1	7.14205e-16	2.56224e-14	4.32769e-09
1	2.24589e-17	8.83418e-16	1.49212e-10
1	3.33028e-23	1.75694e-21	2.96752e-16
1	1.06e-26	6.44572e-25	1.0887e-19
1	3.60814e-18	1.48523e-16	2.5086e-11
0.741251	0.211753	0.447617	75603.8
0.202822	1	0.52641	88912.3
0.0935256	0.736603	0.253191	42764.7
1	2.98878e-22	1.51119e-20	2.55244e-15
1	7.46676e-14	2.33155e-12	3.93806e-07
1	0.102883	0.336855	56895.7
1	3.17521e-10	7.26185e-09	0.00122655
1	0.0844429	0.293159	49515.4
1	0.0766747	0.27359	46210.1
1	7.81601e-09	1.53718e-07	0.0259635
1	3.66707e-25	2.09996e-23	3.54689e-18
1	7.46019e-20	3.36023e-18	5.67552e-13
1	7.44661e-14	2.32546e-12	3.92777e-07
1	7.35239e-22	3.65133e-20	6.16721e-15
1	6.90978e-19	2.9585e-17	4.997e-12
1	4.16448e-24	2.28361e-22	3.85708e-17
1	2.64414e-16	9.74868e-15	1.64658e-09
0.0236561	0.141459	0.0224203	3786.85
0.651551	1	0.930675	157194
1	0.0178045	0.0895263	15121.3
1	0.00723803	0.04291	7247.63
1	0.00875542	0.0502393	8485.57
1	0.472499	0.826741	139639
1	0.738773	0.962447	162560
1	1	1	168903
1	2.83707e-07	4.56068e-06	0.770313
1	0.615485	0.914207	154412
1	0.669147	0.937978	158427
1	0.743648	0.963907	162807
1	0.36759	0.73547	124223
1	3.45062e-11	8.65756e-10	0.000146229
1	0.687379	0.945056	159623
1	1.99614e-11	5.11754e-10	8.64367e-05
1	1	1	168903
1	3.75428e-06	5.0655e-05	8.55579
1	0.148018	0.430795	72762.5
1	0.250367	0.597082	100849
1	1	1	168903
1	0.0246358	0.115876	19571.8
0.518882	1	0.85931	145140
1	0.607244	0.910152	153727
1	9.33472e-10	2.03423e-08	0.00343588
1	0.000102457	0.00104363	176.273
1	0.000218641	0.00206136	348.17
1	2.81997e-25	1.62227e-23	2.74006e-18
0.48742	0.316491	0.442598	74756.1
1	1	1	168903
1	0.0549638	0.214418	36215.9
1	0.300706	0.662041	111821
1	0.103741	0.338804	57225
1	0.331125	0.697104	117743
1	0.0643463	0.240879	40685.2
1	0.000147694	0.00145041	244.978
1	4.66005e-08	8.33293e-07	0.140746
0.0615293	0.868353	0.209945	35460.3
1	2.39638e-17	9.41060000000000e-16	1.58948e-10
1	1.24642e-20	5.83716e-19	9.85914e-14
1	1.66537e-22	8.51782e-21	1.43869e-15
1	0.0033043	0.0221802	3746.3
1	2.00244e-12	5.59415e-11	9.44868e-06
1	3.1652e-10	7.23995e-09	0.00122285
1	1.44191e-15	5.07159e-14	8.56607e-09
1	2.05308e-19	9.03966e-18	1.52683e-12
1	9.03282e-12	2.38739e-10	4.03237e-05
1	1.62651e-14	5.32678e-13	8.9971e-08
1	0.00176562	0.0129583	2188.7
1	2.09134e-09	4.38877e-08	0.00741277
1	3.58574e-08	6.50587e-07	0.109886
1	8.33123000000000e-26	4.89437e-24	8.26673e-19
1	0.738884	0.962481	162566
1	0.199955	0.521814	88136
1	0.110945	0.354882	59940.6
1	0.159467	0.452235	76383.8
1	0.00803763	0.0468081	7906.03
1	0.000732444	0.00602005	1016.8
1	1	1	168903
0.901241	1	0.994954	168051
0.696917	1	0.948566	160216
1	2.24282e-15	7.78955e-14	1.31568e-08
1	2.6969e-08	4.97e-07	0.0839448
1	0.00768707	0.0451094	7619.11
0.999522	0.0207571	0.10115	17084.5
1	0.000684808	0.00567457	958.452
0.00254693	0.164262	0.00367288	620.36
1	0.00139851	0.01059	1788.68
1	0.163213	0.459068	77538
1	0.00888286	0.0508422	8587.4
1	0.000749454	0.00614265	1037.51
1	0.00986932	0.055449	9365.51
1	7.29664e-05	0.000768009	129.719
1	0.000144269	0.00142016	239.869
1	0.467915	0.823282	139055
1	0.543417	0.874835	147762
1	0.108719	0.349966	59110.3
